015174
016639
013421
00996
011582
09982
06789
02574
01823
017118
02085
09598
015891
014498
016139
03109
08532
012783
017927
00483
09234
010395
09611
09813
013995
04408
09015
00123
012537
02979
016656
07848
03265
012179
09235
04845
015996
05192
011911
04294
012459
03667
04681
017357
00940
03468
08242
02430
01986
010265
017205
013135
04224
011394
09509
09146
05490
010354
017812
07418
04389
01445
08639
06458
014579
012789
05677
07018
07516
01000
016076
01108
016688
010300
01946
012264
08174
05888
02569
016094
09173
05268
013119
015788
017656
012121
08044
014716
04780
02791
03288
010127
08576
015943
09409
04149
010253
00908
05085
07739
013870
017810
015168
013324
014836
013125
06963
013352
01217
013209
011283
03936
016993
015224
04905
01449
07591
05725
03400
015707
08990
012937
02583
015065
03334
015905
08241
010215
011708
01972
04418
010028
017663
08942
010523
06813
016602
017946
04231
017104
01905
07855
05010
02799
05591
010207
010668
03456
013274
014806
016477
016672
08251
016131
08354
014315
05914
01846
010836
03234
00149
013362
02416
07529
08287
010242
011028
03759
05244
09707
07517
07063
016550
01550
00905
015090
016371
08770
07840
01844
010460
06678
02762
015210
017919
06775
01952
00839
013207
06548
09600
05541
017695
016978
013138
010292
08992
08781
014893
014518
07643
015149
014830
015279
08529
016152
015756
014431
010803
012134
03933
08345
08806
011231
016465
03284
04946
017818
014217
02464
010401
016265
09180
06605
02115
016348
013108
08057
017320
011575
015021
04996
013768
05290
015939
016814
05867
015719
015018
014160
012909
014540
017751
00962
04193
016044
011761
01871
013116
013225
013888
01169
014394
03582
05234
02350
017276
06633
04421
014647
012185
03765
09160
017636
012562
03076
05119
06028
05158
05163
06620
014886
02832
016743
03648
010439
017000
011939
011260
02497
02517
00499
06511
01891
013850
06296
012500
017324
05531
08291
013693
011158
013832
012949
03708
013446
02796
013410
04048
00967
010085
012067
013765
09338
014789
00783
010707
01307
017755
03115
016962
02375
010371
09066
03021
015373
00684
02685
03579
04828
010526
014548
01675
011810
08489
011576
00436
014678
08252
015498
016057
07160
012591
01204
03945
01279
012817
02371
010595
07205
017419
012946
016595
016361
013004
08343
09926
07547
07532
01733
016760
03342
06665
011359
012148
014304
014550
05517
00778
013883
04208
010874
03635
05808
016492
013541
08793
012588
010917
012989
016566
04747
010341
014918
011711
017088
08058
011573
06739
011247
03232
01956
00491
010691
017293
09396
06887
013353
00943
010297
04742
08955
013314
016655
012059
00688
016563
016961
05432
02158
014276
09661
08928
013724
07711
09039
016799
09237
03055
02843
017939
04203
016555
05735
09014
02885
05991
07594
09298
01182
05769
00877
011370
07281
015195
01910
02741
015960
012063
04783
014586
07130
07891
04456
015379
09126
011119
016393
016936
00299
08821
016925
01776
013886
017354
00167
05446
00177
06738
06793
02046
015181
014903
09954
014915
016871
02401
011526
07420
06271
01593
06279
02516
09629
03669
012100
04691
014176
010563
04573
01457
05783
08444
01569
07128
07986
014574
02205
015349
014564
07645
00856
05098
08952
010451
08465
012024
016932
013805
02541
09678
013691
04561
08137
011288
016260
011968
015866
06152
015239
02037
013097
02201
01544
08419
02097
011342
00166
09468
04332
012525
014522
015954
04630
07099
011710
06935
017665
07953
04682
011956
01621
00269
05344
016937
013793
015112
017724
09569
05784
01018
014851
017673
02495
03948
08250
013527
016065
013006
017553
08357
010798
016914
00489
013083
011913
017012
05777
02639
011839
07851
016805
017039
09277
04462
04760
00264
05471
09427
03049
017618
011069
03338
015867
010432
015944
08659
01399
014204
012141
01286
011360
07024
00313
09660
012926
08764
015930
016158
05629
04598
016824
014976
015623
010954
00474
08121
017161
02007
03000
017338
02855
09005
014246
012629
09292
012752
01658
011344
012478
01648
03266
010011
08149
016505
017119
013345
06449
017234
09151
016535
014852
04713
013741
012604
05926
015531
07371
04756
017278
011164
010444
013926
01207
010695
09811
011040
03345
09347
06727
09607
03880
012652
014873
07279
03403
012684
016765
06648
02765
017257
016610
01880
012593
011261
09229
04251
03757
010756
010666
08863
06125
013086
011462
00711
04902
016793
06561
07752
03773
06289
015206
08143
03973
015006
06622
01708
017503
09652
00551
014842
010238
03302
03512
010600
010579
09076
011782
08352
013706
010536
04107
04444
013307
01262
03013
01761
05338
011762
09132
09304
09681
013396
07900
01855
010154
08515
015420
016643
017408
01935
013961
014930
01653
05670
013187
05564
05453
00279
015009
06423
07865
08815
010967
015724
08227
07042
08009
016806
09159
016928
00604
016898
09098
016276
00859
03139
017551
02083
04748
04093
03225
05372
011816
01030
016757
06142
03023
08855
02527
017537
012982
01779
07100
011421
00699
03194
01807
013127
01919
06771
01064
08887
015839
010070
014247
017400
011181
08721
03215
014141
01274
07637
02203
07419
02176
00644
05220
03158
011498
04282
017102
02702
015889
013231
013740
03267
01861
07240
01292
03551
06019
013015
011292
01189
016857
04096
011539
016710
09917
012586
00448
011674
012521
08479
04445
02449
09533
016869
07566
014785
016832
08496
014018
01270
03363
04095
012779
012051
09748
03222
016059
07772
017356
011696
02453
00141
09034
014255
06532
08993
05253
012145
015972
01783
05901
09708
01359
016665
02403
04186
011890
011157
015887
00490
010592
014598
012235
08568
06595
011556
06286
05475
09023
08316
09453
016577
05200
015199
06753
08691
01130
011030
04478
014251
08632
011603
08273
03607
05911
016630
017934
012647
012017
09042
05246
08457
014884
012745
013048
05472
013210
010171
00178
016959
010275
09002
00813
06540
017005
06924
015077
010535
08504
010505
06466
03572
016572
011738
01649
09716
016019
02468
07562
04442
010132
03539
012393
03560
017213
01542
02547
011995
08422
012640
015556
08210
012718
014514
017222
08901
017426
011772
012713
08935
01305
010448
015666
09462
06360
02355
07096
013042
012688
00265
012686
00865
01092
04288
00267
00413
010974
08023
00517
04532
01613
06490
010747
016120
03649
016498
03513
015703
012613
09413
07729
05827
012656
02780
01241
016856
00776
010531
08313
01004
08525
010733
01902
03862
02486
012778
011635
03294
015042
015426
06323
02788
06755
010041
01135
00907
014630
07538
012103
014773
014410
06251
017335
09107
014148
016005
012219
07558
07184
07193
011268
02568
013884
011142
06884
012399
05833
015391
08881
016372
09711
05089
012417
016545
06505
011037
01599
011897
05014
02572
015969
010863
09791
013336
07028
015068
02026
09284
08738
02543
014487
03432
04377
015204
08324
014949
07921
04404
08522
05696
017862
016650
011385
00701
016495
06475
04888
013441
014827
017207
010419
011637
09240
04985
01374
013871
00036
00120
01657
04071
04391
012575
00310
05328
07264
012771
07377
02016
011586
04433
02265
017196
02458
013561
08340
07365
04242
017564
01225
09174
012209
07579
06761
015303
017077
017074
014482
03239
01011
07530
011207
013504
05468
06193
02017
015638
00033
04469
06959
01985
08723
012704
010089
015010
03751
07770
012198
01184
05545
013569
013445
06307
00753
011847
00263
00226
012572
013748
03954
010102
07203
016215
012127
017610
07806
015192
010056
016834
015495
016281
04989
02589
010525
03251
07049
01781
011614
03882
07114
014393
015281
09163
011123
016072
014408
05293
02463
014038
08800
07020
011284
010191
013072
016707
014793
05896
06631
011906
01341
015094
02691
06966
05720
04937
013585
07192
015618
012736
012193
06787
07342
015819
014382
010082
09227
00382
013466
08342
06138
01394
011608
016683
00440
014010
06058
09326
012961
02863
012279
06213
00302
06584
03867
01787
016440
07707
07819
00087
05334
01646
08372
06978
01287
02793
010706
011018
017709
03666
00362
03067
00735
013548
06459
017156
016941
01446
013227
012847
02551
00180
017069
09256
03380
04906
02395
013351
01556
09155
09162
09040
07689
07405
08423
013960
016849
015831
03427
07170
016839
017347
04334
09450
05407
015974
013429
010358
02461
02836
013005
01784
08886
010130
011752
02775
011607
011127
017274
014998
010379
014481
016741
02888
015380
014549
015723
02686
06700
07308
013879
07636
017789
011790
05369
03358
011091
03231
015978
08797
07008
010869
015884
03168
011493
05078
011724
011615
015642
09701
012879
03687
012413
04209
08240
014348
017218
016763
013659
01940
016533
01047
012517
06339
05644
014033
010156
014519
03297
02044
013826
00669
08194
014597
015527
00260
03105
010129
07256
00110
04777
05641
014244
016077
08429
011481
09833
04073
03420
01893
015031
08171
017111
013657
00262
012027
016551
07012
03786
014215
07464
00437
015308
08043
01659
06686
02051
05464
02309
017782
09729
01983
07721
08391
05952
014811
00505
05839
06480
017759
013189
07141
00240
016491
09658
09109
02861
011537
00530
01618
011682
02837
07985
07349
03494
010426
04238
013477
02267
014063
011337
013463
06898
00663
07992
02078
05608
04116
03229
013218
012871
015479
017996
08984
011065
012776
011414
07534
014134
017401
03022
09513
05857
08570
013827
013633
012331
014178
09139
07222
016315
06349
016966
012526
01821
08808
07300
07126
010187
09925
03921
011194
015282
02681
016226
013676
01391
014500
016143
03627
010829
014227
011019
05207
02874
013723
04009
07424
014684
08122
09403
010635
010976
06941
04223
06412
00332
010185
013471
00470
04984
03143
02897
011707
09004
02242
012993
03564
07315
014292
06685
017477
013465
013443
00892
05873
00910
013204
012737
00642
02570
02842
03132
013962
011980
015109
015917
03273
05838
07400
015362
06017
03963
017135
00493
04113
010331
014467
015881
017407
010500
010258
017184
03998
011470
09356
01838
06120
012426
08379
016841
06355
013417
011853
00105
010334
09985
012482
016933
06910
08402
016903
06243
010309
09311
016557
03351
05632
08561
03828
015337
016739
016279
01458
017524
04758
08965
04265
015822
02806
013821
02705
010048
06911
013224
08588
012709
04087
04088
04740
06050
010357
02753
01032
09112
010985
00566
016394
05581
06741
03959
013256
013079
00157
013385
014566
03815
06062
01356
08578
01418
014396
00559
04361
08675
016833
00855
07492
017019
011918
08407
016318
08348
08977
014648
012115
011875
03257
06524
013550
014917
00140
05755
00366
06273
03683
010422
06299
09746
01977
013442
015146
09351
03470
06932
013360
014703
05231
011449
016270
00600
08947
01731
012002
09391
01785
08074
05117
02884
015177
01406
015080
00116
017881
017808
02397
08593
08564
07818
012288
017492
07837
06892
06881
013457
02407
03940
09335
05436
03167
05291
013584
05698
014513
04798
05892
09482
015588
06943
02399
02864
07630
00039
02671
07901
012436
01930
08028
01743
07964
017149
014444
012641
017021
00695
09575
05602
012798
06411
02603
09197
05616
016991
02367
012400
03502
02673
00334
03782
07603
013880
00080
08455
010746
04300
05477
011318
015614
017085
07368
07387
016691
013761
017737
013868
00625
07200
07075
015175
06108
016209
014067
010711
05745
08300
03865
00646
013963
04589
013942
011090
05059
01957
017668
08734
017027
013056
016599
015690
07785
015318
015886
06472
013652
03462
08319
09671
017467
010250
07692
01877
017244
01780
012375
011224
015962
03917
04266
016623
09044
015720
05620
010716
07147
014086
05198
016185
08708
010681
010828
01805
04638
012297
01602
09275
07616
06698
017883
01698
04841
011454
04285
04669
02042
011405
02500
08281
07450
014962
00680
015003
011111
05500
03014
011879
08170
012142
06601
015514
02245
03161
08712
010143
01585
09966
00195
013053
011126
02548
011352
016223
015515
010437
014282
010240
016095
02624
03498
011731
015878
02830
017546
06637
03889
09520
02382
013738
012766
06140
014543
08961
02076
016756
013266
08050
00779
07727
08833
012873
015161
017427
017481
00079
015029
010142
00965
013719
07460
07452
012967
014723
017090
012934
07976
013951
08484
01970
03528
02307
07754
02270
08860
015272
00867
02607
05248
010383
01882
016000
011060
04907
015975
09602
05270
01395
014231
015947
015803
05258
015209
06057
017870
08389
05709
08460
09635
06968
00866
015722
017509
03509
08925
010393
01347
010796
017342
017197
010079
07411
016365
014135
07679
07375
04821
02554
04415
00446
015262
011568
06079
02091
03241
012318
02524
08652
017175
011912
09035
012790
010047
011507
04368
014391
017530
05044
016740
017906
014333
012755
07245
02654
011531
04045
03136
00182
05015
01760
010686
010321
015644
00989
03197
012312
017318
08825
01885
01928
010880
05381
011391
01229
00561
04286
09473
010958
017145
00535
03477
014883
07987
07139
07214
09288
00197
09712
02670
00102
011071
014950
00005
012762
09447
015675
05279
02011
09943
010134
04269
012767
015730
011585
017308
06597
014480
07021
04365
02692
016167
06179
09742
014290
05223
03839
010392
09251
012557
04387
010373
016663
06498
05880
08116
00189
05893
02523
012744
014311
016248
06455
02227
015877
013493
04678
07975
016721
012765
014016
04330
00156
016565
016040
05651
011108
02584
05567
08507
016282
07920
03629
07588
00134
02609
09461
02942
012360
05069
015901
00346
017775
08549
014381
017242
015706
04233
04235
04217
08831
010837
07961
015411
06136
02039
017406
09527
06947
04904
00318
02419
017803
05185
011197
013103
04221
013948
00341
014847
03740
017386
015084
06820
03093
04639
015948
014624
06259
08980
06063
03253
07225
017542
09540
016155
010031
011542
05327
05256
07040
00842
013322
010513
011784
08285
014343
04140
00424
017220
04939
09499
011873
016046
010317
06523
05543
06407
00527
00224
07253
07943
08129
012409
06852
03986
010346
04015
02943
08007
016314
011888
08716
09767
012990
016992
011105
05953
05923
08552
01959
014605
02997
08426
015507
01598
02537
011832
016345
014219
08436
016807
00301
07761
05571
010081
015537
01729
08404
08065
06506
017063
08874
011378
013258
03259
00462
08332
04887
04244
09599
014530
010055
010298
07302
00572
03478
03412
05309
016020
07161
017235
00077
010201
010153
013299
03692
013422
00610
05773
016199
016580
04496
07052
09172
09956
013727
09061
03656
05741
06287
011891
011807
012733
02247
08776
017121
01980
08443
05971
09046
017677
014102
06196
06174
012705
06089
02687
09959
04789
03840
02556
03296
02383
00858
010522
013475
011271
012749
00854
07696
00992
017961
015599
012743
08063
016352
016160
017489
02014
05758
014103
010572
05299
00936
07165
03394
07546
03164
01879
015155
015805
015989
011713
07314
09557
03962
010728
00884
02110
07640
05961
011598
015667
017272
04448
09364
02834
06305
05480
04429
03713
011985
03960
00621
02140
06393
00557
07379
013828
03211
04080
06484
05298
012555
010891
015509
015956
02803
017066
017923
017158
013622
015568
06038
015511
04134
05272
06018
014460
06225
01925
016145
05267
015024
014968
00768
016701
016560
016988
09445
012894
03587
00028
015394
00659
01129
01632
01611
06456
013625
015554
015070
011757
04585
04840
02605
09402
017414
05242
013838
08792
00677
01742
05348
07341
02094
08795
07259
05555
011334
016070
02106
013055
016843
02272
03689
014739
08912
03885
04776
09582
09295
07014
05801
017982
011843
09638
014115
00598
011698
01134
09829
01176
09241
014300
04353
010272
05112
01634
07880
015475
02366
014117
00378
015432
010489
012870
08492
04354
03785
08523
07698
015462
05640
015641
011988
06608
05803
011085
01026
04769
014832
06551
04583
014755
00766
012955
014505
03812
00919
01899
013269
015633
011171
07180
014319
05411
02273
010855
01532
011210
04988
05038
012102
08321
03178
011466
013908
06371
014841
012004
02964
012009
013312
03301
014848
012501
016795
05166
011646
011638
09179
08667
015712
012768
04912
06730
015797
08461
012637
010445
07884
07580
04947
05917
010920
017846
04588
01713
016271
05360
011904
08124
05483
06214
02246
08753
00172
07179
09332
010006
017976
015466
03085
012232
04411
00193
00537
00429
06569
05380
00400
010570
03651
017880
05429
02972
016047
08282
014912
06512
017399
08394
08904
00013
014378
013380
03750
012294
07518
017191
07793
015909
01747
03871
07991
04507
06701
013654
09080
07066
017675
00703
03491
016950
08318
03634
06694
014046
05449
011701
013498
00056
01992
013482
00882
011715
00146
09334
03396
011942
014174
06240
02174
017410
03525
07495
09252
07305
03243
016539
07507
010478
010289
04336
02281
01875
06078
012322
014485
016443
015397
06586
015014
05032
07556
06367
010032
013407
010750
03938
07480
04712
015608
02324
013639
00658
011941
013867
017664
03326
07001
00111
012403
07113
015178
010453
05542
09975
015766
015592
06097
03845
017122
02095
09568
09621
01098
010198
02186
03290
06322
07345
04216
08546
012645
011475
010901
015771
017741
05305
01597
01278
05250
016344
07936
05702
02020
011338
00162
010119
03281
01726
017398
04162
014367
013697
04668
010627
09435
06627
08054
013372
08940
07212
012499
03264
010463
03122
01652
017125
05406
03542
012667
02035
03770
02479
01434
07946
00455
03654
014632
03975
014794
011780
014202
013486
01566
017859
05217
01413
04899
08337
06002
03262
014473
012440
017632
05266
03170
06291
014158
09532
08341
015486
03133
016534
014599
017603
010196
012387
010363
00899
017819
010476
015213
08902
00394
013331
012199
017536
012096
07162
013282
010587
01028
06993
01526
014741
012421
04074
013700
012960
07182
05383
011543
02721
03514
04052
012623
05180
08093
016004
014996
012308
013967
08569
05603
09709
017437
05582
06463
012544
03375
08415
07152
016664
011079
010054
013270
016254
015079
09722
04986
014730
05551
017095
06366
014325
012846
06471
06544
03303
03672
015912
07919
06343
014283
07065
01987
08131
01803
016567
03062
010378
02123
05852
014242
011937
08112
015758
01753
010615
017944
011064
02578
011093
015212
013046
012589
07369
00864
03447
013860
04270
011680
07187
00064
013398
01267
01282
02814
05448
02360
017966
04497
05199
011312
016736
014455
05996
02413
015201
07795
09219
06982
00880
09272
03391
010626
011547
04622
09755
017231
08877
05102
06245
00148
013397
06444
07765
07766
08201
03624
011203
06396
00814
017485
08248
01944
013212
014429
012396
011330
06226
04176
013835
08598
00097
09092
08421
010542
04323
05479
05817
016596
05870
07461
014469
01921
012122
013670
04892
014121
016934
09052
00756
07907
013558
010663
00422
012763
05796
015266
05706
09318
07089
012146
03074
09370
010116
03905
013777
04824
015459
03864
00040
01058
015502
016062
013128
02351
04517
00107
014947
06639
010986
017128
016068
05606
01508
05905
08315
07717
09507
03571
00458
08307
014305
016416
02167
014921
014496
03401
011310
013540
02249
05281
015203
05365
04578
017977
013319
012906
011812
015651
017395
010197
07467
07722
02857
014780
015083
00617
017952
017433
04239
08206
011910
011279
06103
016548
05753
015852
017382
06972
017526
012665
06783
013648
02846
09945
08891
01740
09196
010376
04466
011792
013809
014595
05686
016151
012408
016012
013519
04030
05744
07539
04941
05091
013925
014923
05135
015524
08262
011829
017593
04258
017718
03837
016569
017734
01090
016149
00144
016439
02959
02555
016907
03589
09760
010499
016622
05336
03915
04761
04688
011095
07093
02879
011034
02804
017580
015836
05819
016568
012611
01131
00154
06450
015677
012564
00067
03858
00129
08364
016220
05750
03714
014331
04220
06040
04205
012415
04316
012239
017833
011851
04957
05033
017900
015922
02471
011365
02473
01722
017653
01523
012125
017303
017522
015273
012573
013791
010293
010427
016731
04022
04878
08418
07352
08305
08852
00248
011589
011438
02178
013168
02087
013178
017287
01156
011744
013194
06809
015619
012970
010684
03535
016466
02244
011170
011593
03304
08580
09463
016031
014563
016048
02661
09093
013369
06883
01749
04591
015670
015073
09993
05318
09216
04461
04091
012010
016455
01362
06723
013772
017748
08045
012131
012392
014952
012793
017262
06996
04935
08869
08026
014463
08641
06937
04039
014456
010342
03777
03137
015119
015713
08606
011885
016312
09075
05841
04355
00843
02278
08107
013984
013641
05227
03928
016264
02612
05501
08449
08909
016021
015291
010227
015596
04932
06553
07842
02816
04156
014639
017543
02104
016406
010899
03305
03073
08299
03056
011667
08160
03325
06275
013295
011726
08118
03550
08030
015868
017204
04420
011712
06555
03393
01322
09198
01249
017613
09830
07688
015216
016970
04509
03064
013137
012592
09247
012631
04112
01721
09058
013953
00239
00687
017637
00012
016804
012662
07347
015809
07647
01335
07982
09157
011129
014694
015217
00558
014956
013239
010404
012821
011323
017781
03278
07097
06957
015483
012497
07399
015039
017312
00104
04897
00207
014819
015835
011844
013976
04477
06526
08085
014981
01741
016774
05341
08702
04851
03631
08380
015286
03670
011800
017631
016882
05751
08832
09493
09934
016541
09798
08859
010801
011513
015442
014751
016308
04982
05462
05757
012496
08941
00614
015603
010157
011693
02626
011143
04215
010878
02144
03219
011775
012781
017877
011746
03333
08769
08538
016389
07275
014434
012552
09428
010315
013089
06257
02038
03619
011729
010468
01234
013263
00525
011540
014878
010939
06331
00212
014715
04327
01528
07364
017249
014928
01402
011974
011578
03792
02482
08939
05391
03844
011332
06247
015937
08662
05233
05496
06131
012338
013462
09622
05835
011281
04359
014809
011871
05332
08690
010264
05624
05881
02854
015363
02896
07268
04284
03955
02415
017455
016259
012978
017798
06035
017852
06913
011658
01364
07708
05111
011048
02474
09630
04488
014820
012359
011372
05209
013819
00418
011278
010697
09952
03169
011076
013712
03212
09958
015728
015814
015863
016266
012697
01626
00511
013829
014240
01645
015692
07403
02592
013840
01827
013049
012464
08748
010146
013394
010580
013197
05579
010612
016728
06630
017331
011389
01914
013947
06438
014412
07916
016370
00956
07105
02361
09910
05492
014126
08027
011559
05352
013499
017109
00375
017584
06478
01203
03793
011765
01223
012000
010184
09783
00174
011892
04467
03595
06979
08591
012062
07488
06008
011270
016892
017192
015501
02287
011023
07830
05885
09192
08087
011946
016299
010095
011739
04005
00011
012519
06658
010978
016549
09341
09177
04672
015251
02966
013780
05245
015075
014774
05768
01476
010554
02490
014671
00997
010455
06985
016366
013775
010885
01678
09514
017992
016796
00721
07587
015477
01714
00311
015626
00327
015481
06310
03924
016613
08565
08083
06713
06964
09526
011484
014825
03935
017457
06085
015660
013229
08547
02974
013063
03364
06221
00683
016458
015087
03107
03919
012551
016872
017545
06421
014622
012187
014675
012663
01757
015546
011973
014358
015740
015285
09309
02978
016097
014020
03040
011602
015817
010849
010397
015646
013521
015295
02334
013150
015354
06188
04106
02339
011645
012968
017463
01505
016269
09286
07332
015404
00160
017060
09367
01296
00790
012888
05548
010284
017029
04453
04973
010870
06568
06009
02058
08572
010921
015253
017151
013430
00904
013839
08012
013193
04044
02218
011822
01220
00278
05317
03640
016236
010529
03805
02756
010491
04139
014354
04922
012206
012091
09653
07280
00390
04861
010210
03147
05096
03778
01031
06642
013297
07659
015127
013007
012463
08130
010515
015632
04601
00836
014823
01173
010029
01695
013609
00027
011965
010306
08526
01256
010673
017657
05249
013130
03221
01842
09802
016481
013610
06654
03152
05887
09763
014637
010252
05701
00726
010962
00667
08042
08938
02019
012735
013922
014906
014758
015595
09577
016788
015741
00152
05882
013943
01116
013176
03931
012210
02924
01589
011833
012289
04146
010758
015645
04447
04936
09352
06556
09584
00285
08001
09843
013929
017855
07002
017390
010402
07061
04475
06161
04602
08944
015299
015400
09033
04280
011002
02732
016037
011402
05727
013395
01517
07611
04728
00360
03408
00710
02724
01997
017933
00415
07041
03245
011994
012679
09373
01818
02354
08486
08826
015934
01865
05780
02211
014517
07425
016784
013326
01168
015284
010614
014553
011117
04750
09877
010161
013811
016544
09679
02519
015597
015304
015669
05813
017563
02561
010780
08021
016198
07217
06482
03039
07642
015072
09479
00917
08097
05538
03553
015523
016598
011453
07215
012933
01619
08527
05504
014617
05325
017932
013338
00810
03520
08261
04338
014910
03452
011331
05137
05171
03129
06831
05583
04367
016144
08682
010314
09307
017475
011464
08493
010916
04862
05178
013844
04557
05967
03084
02833
06388
06832
012996
016256
09320
02387
015099
017007
02672
011401
011427
06509
06215
011187
05740
01175
010904
011826
016146
013617
09758
013666
017394
016392
04122
06326
08849
010123
016709
011008
012472
04809
012071
08895
010251
07116
08604
015656
04950
02912
07091
08151
015605
06657
09964
09822
08862
08323
07741
03879
09381
04818
00463
09930
011180
014443
05489
015255
03177
00094
013058
011794
07559
012425
010233
011574
016553
014805
05668
05721
07211
02049
016283
014676
013815
015856
09054
07618
09029
015101
00751
09062
010868
09387
00634
04533
05561
014931
010450
017565
012468
00023
04402
04272
011131
011118
00984
05580
08962
05151
06244
09261
08813
012060
07064
04654
016211
06068
04060
012370
04492
00705
014781
012774
012136
09115
07908
012786
02737
05321
015664
011327
010035
03591
01764
012225
016295
03958
09547
08469
010016
00020
017720
03606
014001
01570
017884
016245
07526
03549
011390
03622
016367
02963
01686
010270
03421
07249
01654
010192
03817
00616
00581
013557
07414
07417
04321
04566
013597
05956
00354
07887
03431
017687
017851
04137
05550
015966
012854
07691
015617
016982
00760
04876
00999
010407
011387
017770
013343
09801
08638
09664
07867
011722
08885
02414
013222
010949
013146
017589
01384
02290
015683
016332
016446
014013
02849
011518
011329
01369
08166
06312
015298
04609
07931
015183
08335
01177
04709
01468
010480
01519
05868
00798
04958
04707
011398
07651
014012
011241
02189
06926
01864
01264
016703
08592
08217
03328
014711
08270
05073
04884
013080
03429
03748
013365
09543
015336
01431
08506
015057
04207
03673
012343
013894
017006
012777
016229
010603
014328
016931
07633
013783
012726
014191
010822
010160
013677
04700
02357
01581
03971
013426
04194
012162
01540
00132
02165
014320
013762
014770
06864
014084
03160
015435
09224
06919
05037
011290
05872
011935
01330
00619
09878
017452
014590
012644
010280
017832
016093
01210
08292
014821
00623
00834
05444
04767
05793
017438
015140
04028
012804
05419
01999
017879
013580
05013
00872
08611
02858
014406
01471
00848
01578
017412
03441
017706
00791
011482
09999
012044
014143
016115
02815
03402
05746
010374
03964
02013
03532
03925
09460
013214
016798
09962
06052
010101
02913
016116
014372
017968
08008
02667
01500
013241
01874
013184
013454
05264
03037
014898
00051
011500
017376
09379
03861
013707
03104
010541
02988
016519
01573
013043
03385
06983
09510
08555
012379
05320
017963
010335
02254
09333
010003
00396
016383
016460
016554
06011
04124
012642
00126
03813
014162
011969
012368
01096
02346
014299
07362
011893
09065
017243
07038
05219
02546
013517
07058
013272
011225
05121
04877
014476
06276
04179
011320
01069
014074
012890
012126
01488
01110
06386
03932
017227
08120
014474
07155
03700
02559
08297
011266
013632
06171
016744
010528
016022
013758
06204
015600
017630
011113
03511
015051
016868
05935
010045
06340
05418
05520
05962
07744
014686
09171
01506
013801
01897
06786
016459
015482
09612
05148
07484
09992
015164
015900
04379
00353
013081
04412
017263
014390
00336
00329
01479
06473
017247
06666
06790
01693
011914
04405
014690
08994
012095
013247
013910
05008
014980
016111
05145
08192
014971
015503
016864
012383
016640
012164
013709
08013
010914
04995
02325
012706
05435
010775
01382
08779
05002
02538
011566
04172
04148
07079
016310
011022
017238
08889
04856
013235
07134
09554
09048
010610
02063
014465
05705
016170
014565
017441
013996
01074
05021
09596
012986
04245
010708
08746
04755
011916
06242
02418
016525
02027
014398
09860
03523
00743
05732
014464
010390
015389
012918
05285
09056
07263
06865
011431
06567
07427
00526
017911
05174
02472
04921
07824
07385
01601
08387
013825
017646
013551
00802
014609
04889
04844
08660
014235
012533
00938
011951
015952
09810
012872
011173
07086
02280
03043
011174
07763
014023
016895
02558
011364
06477
014831
011007
08139
012522
07833
03295
00281
00831
016428
011855
012438
012617
00770
013320
011962
05563
04954
012117
014105
06315
04024
012092
09656
012347
012106
06606
09404
08254
016673
04121
015582
04306
04092
01452
015700
016514
011927
016478
08773
014692
09081
02535
00188
04229
017562
017807
010581
015171
03078
08411
04551
010018
013302
06762
08092
07969
05836
08450
00902
013771
016358
015186
05072
03015
00673
09439
017667
04574
05628
03866
011089
016191
017333
010276
06229
07154
015041
012980
00209
07236
03739
010709
015783
015551
03681
014313
014872
016785
04189
04582
04743
011996
016847
04003
03609
011978
01774
015673
03533
013175
06346
016222
014068
01676
02164
09410
015490
012910
08086
03071
011836
01766
011355
05588
010773
00944
08683
012124
03518
01194
015761
012085
09691
02792
013134
014859
010679
014828
02619
09441
04062
010509
05238
016405
017383
08594
01661
01082
09022
04246
016779
015744
05765
012423
08601
07073
012610
016718
011703
09366
010769
07289
017745
017827
013219
01014
00522
012680
011989
02182
05862
02549
015510
03580
014295
01128
08544
06649
00929
011960
013535
01422
04100
09246
012170
09692
015202
05057
07829
03196
017913
08180
011525
010199
015159
015081
07531
01250
01277
02779
013571
013747
04358
04458
05601
012927
03413
012205
015025
014916
013022
02304
00709
017116
010889
06051
07353
03881
00744
011098
01494
011265
013509
06942
08794
05826
02755
09405
06750
011063
08425
04788
02647
00723
013874
014419
03749
013896
00247
09633
010287
06060
08458
04317
017601
04577
011623
016329
013170
03720
016523
015032
03893
014959
010443
03957
012275
03131
013310
010813
02031
00405
08720
03285
011662
014262
012964
014682
06496
015393
06833
012512
04184
01205
011560
08098
014670
05763
014943
09721
011774
07223
09906
016127
013228
011688
015718
014567
010806
015110
03192
05589
014920
014007
02348
017532
017379
02103
05443
04945
017938
02907
04749
013076
016901
07581
012659
08811
017986
05503
013713
04843
03822
09417
02142
08145
017549
05425
017719
014131
00708
010934
03157
09211
05126
010020
013812
00876
011339
015312
010783
09853
08451
013683
01474
011492
06359
016972
03362
013199
010503
06927
04061
017598
017148
09976
013966
017478
013186
03495
03829
06451
04677
011373
04617
02738
01331
06102
03319
010722
00147
015860
06612
07859
08866
012775
03069
011972
06780
00495
04034
015236
012756
01979
08071
00385
07033
014090
08698
011361
016469
04127
010481
012305
011448
017381
017696
05898
015007
08177
016904
03953
09079
010172
02405
09323
014078
017694
03016
04806
01025
014136
011643
012064
09680
012625
00298
011145
016503
016147
014028
010403
05295
05282
017358
08412
011999
06288
016590
014816
012394
016273
017108
06392
05149
012760
00544
016414
010484
017134
09523
012048
014414
06335
04364
07757
00185
010577
02212
010121
07773
00442
017040
05487
01409
013699
06469
00933
09745
016218
013800
017988
08146
07996
03684
08963
013335
015015
05957
09363
08212
015187
00702
07197
016168
011565
08390
012427
09398
07632
06513
015280
012812
013587
09963
015519
03927
06304
05660
04398
04036
011392
011005
01378
011436
01605
08782
011938
02899
010719
013123
03904
014601
06995
06647
012945
017541
09593
07512
013050
08168
03738
04339
011422
014975
00755
00903
012075
012362
017186
011086
015682
01049
07233
015799
03469
017221
011545
00567
05370
014740
012524
09176
06684
014667
012221
00590
010091
03500
05169
016002
02723
011654
09544
08069
09891
08312
03848
016923
04397
014645
06065
05954
06718
010860
06638
07917
03371
011067
011943
016487
017705
00164
017130
015264
03685
011673
08636
011168
05949
06934
04659
017595
011298
013778
012424
08175
012487
015063
02149
01551
012428
015387
06457
014338
01363
08373
07324
02230
09452
017409
08836
09516
04393
08536
017113
01504
016202
011485
012724
016967
06867
010933
013629
04782
04431
00086
013881
014279
010285
014529
06374
011353
012701
011631
012714
06381
014784
03471
09201
017628
017655
08381
014855
011166
011777
04313
011639
03323
016678
09097
016615
013088
05654
02093
05075
06094
04484
015067
014070
017512
07432
08018
09865
010483
00091
017269
011981
00995
014633
08193
012132
016876
05536
01559
011665
017424
011116
04144
011190
06255
010678
013988
011489
09443
08715
01904
016242
016670
01041
04834
04335
010597
03950
03198
013009
016320
09645
014193
09558
07644
09988
05447
06321
08111
08827
05910
03548
014184
013603
02970
012460
04516
012410
07394
01744
017863
06806
016945
013084
05527
011783
07209
012388
06956
015166
02529
07145
017902
00959
01336
017683
012283
00349
06261
01325
04793
01235
014104
016624
016194
03077
03823
011852
017691
017752
04480
012342
07656
09088
014875
03121
06264
09655
08991
014877
013492
012863
02790
00998
09620
017813
08133
09084
05623
09687
00794
02398
013848
02521
016089
09408
03592
015717
016278
011936
02646
05414
03166
011263
00847
010288
01200
017735
01633
012818
03330
00412
016488
05109
016404
011199
09522
010793
07564
012703
05129
00983
07608
08517
016592
05080
010301
017188
05187
08650
04307
08476
013383
00142
011382
09167
013834
07025
07878
05666
07383
03228
012861
05973
012508
010787
00719
011495
02507
03207
017570
00874
012373
01953
017064
00452
09149
012234
03659
017490
05150
010005
011182
014258
014919
017215
015372
013865
017969
011793
011551
04082
016800
016181
08385
013393
07433
015345
08095
012542
08311
015733
06434
015358
015004
02283
02669
012207
09384
04675
015981
08651
04968
06093
06034
03180
014674
011496
013027
013912
016244
017607
00891
014576
07351
07005
013211
016175
09957
015684
00931
08501
012843
013909
09266
015604
06546
017328
04161
04302
017510
07574
07815
04993
03214
010838
015898
014041
014691
05797
011409
02442
016286
02274
016171
016232
01994
017212
012942
017447
07925
016178
03459
012819
07894
016786
07613
014559
09386
07183
09134
02056
010281
09609
011404
08729
00454
016098
02839
01574
05491
09006
02749
00473
01495
08981
02772
02417
015985
011932
013180
017958
09986
04029
016780
00428
014507
016865
012811
014907
09561
010415
03934
05125
03643
012249
00738
01248
05614
03091
02120
01816
00014
05814
07323
02175
013348
017758
016083
017857
014721
011861
017989
07447
02886
02098
05438
03240
09693
013147
07702
08828
016052
06841
012529
014767
01738
05232
010591
09905
013357
010659
017725
010273
012451
011243
012907
012925
08835
04953
012130
06699
015777
016035
011624
016803
04825
07704
017886
07879
012601
05508
010604
03118
05247
00916
05798
016946
06314
08377
016767
016449
01913
00252
06830
016129
01571
013578
06537
015998
09253
010770
07667
013895
016845
012685
011257
015348
015322
015257
012658
02566
09249
04987
00969
012422
014491
012411
04715
014003
08061
010997
01065
05024
09665
02292
06390
02491
01685
02593
01459
08899
010319
010839
015098
08979
011651
012655
07434
015054
011155
06345
011070
017480
05596
013268
011412
013752
02114
010295
010727
016049
05919
05263
02774
012851
03244
013346
010021
04655
05997
017831
017418
04955
015371
04593
015790
06313
01067
05951
014970
02768
010782
017206
01802
07070
08015
011188
013972
012924
06588
015685
015746
010169
06619
09567
012541
08195
013526
00750
00668
00840
02506
01700
014876
017343
03001
013371
09780
00918
06380
010104
013742
012341
07422
04626
012580
05004
00122
017893
015429
010840
02812
016485
017256
08999
00541
07068
011504
01408
015705
010488
00957
02264
017703
04163
017014
06623
02488
09912
017821
014222
03715
06769
00364
011523
013554
03233
04183
08518
00534
09570
04037
08119
08159
014764
07333
04839
010231
015102
013681
013937
015541
09001
03436
09851
014239
010400
014909
09618
01077
08820
016427
04035
013956
014835
09835
011908
05897
03930
06706
08355
014856
04766
017297
03038
011242
015152
08256
011445
013686
03448
02971
04579
01886
00351
02604
03476
01272
017930
017995
09876
017895
03799
02059
07778
015816
09603
05430
03255
02525
01365
013413
013496
04752
08505
05439
01627
011984
015924
09047
017997
01115
03965
014451
03260
09824
09987
017350
03140
07620
013607
06311
017439
02335
017097
017698
015331
07605
07220
04419
02930
01162
04771
015460
07355
011991
06122
015353
011865
01591
03614
04291
011883
04689
013731
012880
015872
013129
06989
07671
06667
04150
013000
02709
02493
09360
03331
09695
01898
08589
00538
011567
09340
014366
01294
013849
05605
014887
016538
06066
017246
02773
010902
03809
015489
016527
04903
016671
09649
09349
01401
03698
04931
016333
04859
06980
012120
010959
01982
02233
012074
02160
015305
017105
011756
05441
02508
00582
09771
00089
016852
00502
03473
07444
017586
09892
012730
011316
016125
09103
09105
05933
015225
012445
06591
015359
07767
02651
017168
016875
00950
014879
013515
02734
012201
03873
05265
012618
013423
016064
03306
012479
03113
012277
012326
09458
011459
014132
014900
01527
07230
014589
015911
01093
00570
05354
016732
010842
015749
06834
04829
00797
017255
05592
017983
02009
04513
017708
011579
03754
08280
06925
012687
017453
02813
08674
09120
016351
01012
08268
017289
04615
01628
06109
00930
07016
08105
05673
016107
02748
012236
09118
010692
00706
02134
017389
014614
07440
013940
017194
010731
012313
016698
05378
014422
012897
08817
016618
016499
06139
017535
014494
016853
015154
03020
08156
013133
07612
03368
010754
013528
017517
013036
08049
012229
01351
010622
00816
08780
09133
00459
017304
08029
07513
016038
015753
017965
011274
015622
01711
016860
06199
016952
04278
03155
013468
011035
011734
010941
03114
01170
012570
014554
015550
06465
02294
012419
017093
016647
010033
010616
014124
01924
016951
010178
06230
012792
00485
015464
017974
01113
017422
011084
00728
015076
014796
08673
01547
010008
012621
01843
012675
017371
08557
011140
02865
07374
014862
015681
012538
014213
01051
02466
03912
00769
00075
08786
016878
015553
01809
016240
00387
00066
017778
05941
015468
09099
015214
014493
05123
01147
014771
00286
07286
07933
010274
011304
015768
016705
06224
011736
08550
017796
03095
08814
016532
09646
016500
05307
03174
00076
01535
03392
09278
011503
03616
01450
06507
08975
016759
014450
09189
06430
014523
03943
014370
011915
015806
02428
08303
08434
02239
015949
07357
014611
014129
04645
04400
011211
015573
017349
014539
01419
016552
04695
01736
05787
04470
017585
03944
011795
013989
01786
017681
09563
00674
011786
09154
07997
09515
02271
01125
09700
012549
04102
09255
016425
04154
03134
08847
03974
05012
04296
07648
05786
010652
011183
01568
012231
016687
08004
08189
013618
09480
04279
09675
07118
07827
00096
014966
09316
07101
010046
00832
07227
013900
014415
01616
014418
00631
014735
013749
03199
00150
00817
010269
014297
08819
014470
016157
010565
014005
015370
02526
014091
05987
011044
013810
01950
013451
07110
015606
011825
010336
015106
04880
015851
00739
017918
05799
01553
02539
016957
012246
09406
06425
012805
012105
010620
014581
09710
06515
06729
01996
07589
015533
03390
08551
012073
04817
012666
012354
02052
06705
013156
017842
02067
012407
09185
09285
08765
013795
08907
013905
013711
08997
04457
012457
00712
06303
017402
07999
012634
07954
04077
015408
014606
016979
015378
014938
08081
013444
05280
011296
03868
012172
011215
015147
014164
016453
00883
01158
08080
010369
011907
016322
011383
01539
05356
00655
014795
012296
09486
011159
05521
01903
02967
015620
017967
011768
00330
017642
02502
03984
00796
01927
06159
03414
00602
05228
03992
06157
012432
011889
012310
01682
00716
01185
016581
011447
014669
06162
013897
014207
04417
09776
017163
014845
07876
06235
011630
01433
08298
07872
05346
00061
07968
016034
03346
011010
04473
08398
05273
011289
08571
09673
016101
04434
011798
04038
00241
013729
03117
04305
05347
06822
05811
06317
010820
015476
06742
017850
01271
06049
00219
03836
010434
09232
08958
05287
02235
09477
04382
02155
017799
01132
05502
09933
07709
011732
015980
06318
03926
02326
09903
011045
013531
011303
017173
06715
00151
04424
05523
016159
01387
011325
013200
01021
011508
01763
08533
04032
05061
08205
011396
015579
08614
08878
07634
014508
09924
02953
00974
013419
017749
05124
014466
09697
06082
07910
017985
016028
014934
09438
016154
011759
08687
05041
015399
03655
00496
014813
016011
015403
012108
03320
04858
016601
03826
07615
017080
011993
014478
017649
011407
07731
07508
09896
011809
017645
05516
04459
015693
04483
015421
010905
016018
08384
017302
015218
02478
09538
05498
05261
08713
07296
010512
05047
07870
016403
07043
013604
09704
012363
05924
015129
06521
06675
014346
06154
08386
00326
04468
07363
011175
02378
017115
07486
017083
017268
04644
03794
04539
012584
01790
02919
06265
012058
06000
02725
04838
014594
017190
04383
06613
014454
01791
017955
010809
011683
00758
010742
015136
010372
010994
011536
04493
07694
016294
011336
012957
011341
07749
013932
07430
013518
06805
016219
02073
016430
01411
010601
014287
016628
00915
05060
00202
07389
016379
04757
010420
010316
015118
06316
09688
09011
00749
06007
09169
05036
013276
00217
01035
07746
05035
00717
014754
014153
016700
012530
011397
012915
08403
00556
014192
00690
02135
03789
014608
011634
03112
015709
03642
00812
07805
09437
010556
017166
01343
09491
016977
012455
017493
01546
02577
08810
016902
013291
06067
04451
06987
013877
011439
015612
014778
016182
02701
014925
010888
06419
010799
08768
05193
010421
09738
011720
00058
02465
010452
08014
010953
09361
017430
012630
06351
014324
03790
014220
012860
016096
014380
05639
014095
04522
010903
02892
06824
013334
06341
05782
01798
013275
03617
09626
05653
014524
00018
04901
012116
02509
04671
09220
09184
03707
09330
09662
01029
09495
00991
07724
015248
00234
01876
03451
012213
012796
012402
09628
09123
010259
03159
012374
08040
05284
017292
015747
015440
017124
012513
010497
03652
013567
017578
09470
016110
04983
010237
011287
06200
013938
013303
014278
03059
011408
01416
016620
016745
012380
01878
01737
06740
012259
03128
08670
01137
03737
02444
015381
015729
016949
017710
06895
08861
014392
02582
014533
013991
03437
00977
03094
05820
06116
010879
03179
05663
011514
09787
01400
04436
05990
08448
07686
014081
09741
03419
08211
010069
012816
010832
011808
010039
012269
013756
09290
010797
012646
06752
07127
010510
02992
07376
08830
01531
02206
03340
015883
012820
013432
010098
05214
04850
04744
014871
01522
03433
014649
014301
015532
01723
012498
09101
08583
011512
015694
05625
09131
03383
013470
03849
09191
06712
012200
012041
017133
01447
07393
012532
00508
013684
06016
09995
03089
00784
016782
015455
06025
07294
010741
016974
014468
06069
017031
00777
06209
01062
017575
07262
09128
00255
09089
014335
017164
010076
05203
09407
013122
02873
016520
015578
03033
02161
02499
012040
03769
010010
07723
04454
07391
014810
017693
02322
012585
016797
05627
05930
00578
013524
011239
06792
013586
03277
09866
03703
016582
00521
010772
017787
02665
017926
04341
010730
016307
011137
01209
012467
012600
05979
012161
09299
02297
017172
015048
014337
02981
013333
07462
07336
05342
02086
08100
01285
014351
017685
00289
07360
04846
01889
013715
01694
015360
08767
015386
00741
03483
07299
06053
011767
015049
06562
010586
09845
011122
08743
03276
00849
017858
017554
06692
08894
08375
010955
01719
08257
017890
016515
07511
01320
05977
00081
017571
02108
06585
08358
014616
015384
015130
013400
010355
07397
06044
01730
01834
017393
06938
00290
03506
02256
08685
015913
01372
012912
04667
012160
02602
00516
03461
01789
010112
010124
03710
015150
08531
011285
08772
017114
013354
07194
03397
05945
09368
07893
014363
012700
06774
01243
03349
016681
017539
07782
00819
011747
04228
05656
017253
015365
08915
07783
010173
04234
05937
02761
03041
012084
03761
05451
05456
013405
05395
00935
016924
012553
02786
00050
013054
05301
04826
08919
07973
016042
011594
03176
09961
01703
017201
07257
01788
05006
013183
016752
017504
03559
010724
014737
05314
07846
014203
013264
013489
015874
07436
010456
05230
05196
05086
06452
012874
01814
013757
09043
013074
017380
016632
01405
01567
05186
06332
016079
04703
02179
02263
03704
06773
014230
010810
012624
014746
01792
03956
016382
016905
01840
00524
00397
014113
03741
012559
014888
05161
011291
010182
04631
016106
014130
014627
02706
013694
013687
011350
016504
05980
016006
06186
012395
05619
03639
016418
00988
016717
010248
013118
07456
06530
013069
013112
09743
013992
05043
014991
013366
06920
07847
010302
017002
013456
014389
04900
07791
02300
02585
02291
011842
016715
07928
00153
010749
017621
02689
09685
016238
03558
09886
010712
05274
016913
09422
014224
02996
010557
012191
08864
04510
03545
014212
01841
06348
08388
00315
06875
02503
016813
09699
05730
016638
09604
016626
011393
014689
014988
015028
014031
010569
00825
05578
014575
04673
017702
05974
05610
010260
01608
09586
06756
011788
05052
06711
015276
05048
016441
014706
016735
07990
012985
016883
015837
08367
015124
012262
06178
03482
016668
014866
06468
01509
012886
09838
013644
02850
010534
013064
05631
07285
013523
06167
011659
01801
03863
017692
013797
03165
013570
014092
06087
07743
02743
014582
04852
016277
07748
04378
09187
09840
02080
010441
013388
017659
08173
08789
06782
02909
03357
013033
06001
013435
014527
01192
011577
05913
012772
08472
03923
05655
015668
09870
010919
011869
013856
017411
05562
08967
04879
015104
07554
04130
011343
06928
00407
015469
010486
09511
05864
015169
03127
05396
06801
011423
010734
012814
09083
011992
04304
010495
012470
012813
06576
00909
03981
08711
00145
017916
012616
014208
08038
08326
010518
014849
01188
016894
06845
013695
03175
02769
00282
08163
013799
03496
03719
011135
010825
016292
012070
011848
05856
015292
09864
03486
00421
010440
012527
010705
03311
03361
04536
02347
011346
014829
017228
011947
015137
012151
09610
05540
07348
011047
00890
08103
011258
05754
01357
02627
017840
011319
011666
010498
015628
016217
01148
010811
03716
09433
015100
05994
05088
06743
04555
015885
012271
010866
011695
014296
016429
011233
03534
02831
05738
04804
012845
05942
02008
013323
08812
03030
02656
01119
01143
011742
02068
011411
06593
017322
011952
06990
010458
010817
013726
015513
013003
014736
00015
010344
010330
015444
016066
08284
017639
02100
010017
06899
04347
010328
014359
00029
05350
013914
017899
012208
013092
016547
02131
010609
07617
06073
07242
02146
015830
08041
017046
012031
012954
00388
06829
06375
017729
05506
07189
02530
02962
07438
08964
015240
012514
05871
05889
07119
03526
09217
07493
00335
00196
016998
09778
011082
011705
011997
017669
03755
01625
00985
05675
09827
015016
02173
08059
02766
013767
07017
04997
016084
016929
03989
01862
07801
05585
00101
07090
02536
06424
01407
03730
00135
010189
017552
07250
07955
00657
011803
016109
03355
012290
010638
016926
010467
05916
09423
012344
013171
02933
014281
012981
017079
015844
015587
015228
010291
00913
00173
05469
06560
012488
04658
06582
08471
015443
07071
06130
09228
08790
05617
04059
04721
017797
02890
03576
00732
012932
09305
015545
04547
015767
09807
02800
00624
015340
09859
01762
06578
014742
017845
012721
013378
07839
00958
016137
011276
09728
016484
04873
09016
014620
015800
05053
015289
08599
013284
05646
04867
011998
011622
03696
01428
012469
012510
011308
014261
09836
00509
08466
011656
010602
04386
08630
011647
014577
010713
017707
017559
08417
015153
011882
03517
011442
013473
011730
06128
010077
03187
010425
06292
07628
016571
09939
015246
012177
00656
012158
01253
012020
08556
010454
00381
014260
08857
02363
08573
07204
011349
05164
010109
03492
07241
05003
010895
016369
09281
014495
02707
09689
04401
01793
08584
09365
07730
00384
07567
09390
02284
01560
03499
07407
017794
011950
013933
06081
09583
014882
03602
07176
00550
014112
05183
05071
08310
00274
00714
06714
00320
015472
02145
02777
02764
07521
011926
014644
01773
08485
07845
012333
013494
05664
015563
013673
05719
012903
08294
014985
017795
04893
011016
013759
07655
014786
05136
017361
013615
013798
07506
015235
017776
08433
09942
014908
09037
06401
016608
017790
016850
013329
017612
016187
010068
016161
06406
06788
014583
03280
00439
02302
04765
011351
010850
08245
02533
012118
016184
05850
017835
06579
09094
06518
015428
017203
017334
06024
015627
011441
01894
012356
010384
06385
010271
011220
02321
03909
010621
016840
09276
010926
010676
016397
01873
01149
06045
09591
016337
05040
017804
011087
016054
011160
012189
00805
06206
02250
09488
02306
012153
010162
014401
01554
01166
014824
08000
015269
08647
06151
04977
09647
016773
017120
04249
06969
011657
02012
013537
014759
010435
015497
09597
06143
013217
06690
07327
011080
07125
014436
08926
06600
02043
05707
010952
04652
02112
015277
08816
011280
014973
016056
09049
017141
09313
03543
02802
012150
011058
05526
014344
012223
09143
06112
012708
015417
02226
05410
08400
01246
06356
09415
05029
06338
017660
09210
08383
017860
015654
015754
015478
07297
07540
05669
05724
04891
04521
016490
07151
06460
017723
012904
014501
013340
01955
07059
013788
014865
04315
011899
04331
07328
08617
016231
08695
01704
08199
09073
03920
04012
08333
02483
06903
011275
012923
010745
012815
017920
016431
05559
00199
012951
07237
013656
017941
012323
011300
00897
09803
014761
015982
06164
017496
09411
02128
015317
09430
013342
03896
06819
01275
04192
00236
04407
010043
08579
010788
012285
09847
015773
011697
013433
07232
07072
03599
07670
012661
01245
016886
014322
015026
015123
03851
03774
011267
017474
014447
013787
02571
015932
014109
07458
011206
017450
011687
016772
012110
05512
05570
014052
015092
05511
02798
011251
07609
010999
00049
08509
017679
04260
06497
015241
04797
017162
06838
013930
04959
03125
014957
03913
011347
05595
06958
012503
013510
02288
013507
011580
06342
09114
00500
010907
013202
08966
05095
09090
012877
00948
00314
03504
014631
04545
07292
05387
00901
015850
05400
07557
08325
00426
014058
06547
04298
00678
04857
01514
011750
03313
012878
017650
017484
016958
05459
016542
014453
07083
07404
02641
016384
00344
05510
07132
012454
07112
05717
011785
016738
015364
013414
04790
02159
013986
09528
011046
014945
017417
011162
013843
07358
08142
01295
03315
02998
08022
012956
016680
06531
010327
09425
014732
010911
09856
011778
016828
011571
011610
016585
017501
013028
09474
010220
08838
06840
017240
01221
09831
016861
04653
016588
013516
05363
09640
015764
03438
013999
08510
05455
02380
07476
05742
011121
016930
011061
016267
05030
05804
011706
01352
04043
01576
010152
017298
03230
05481
010846
03678
010853
01055
015521
08805
03569
03424
010738
013642
011609
06602
016290
06765
014216
012565
04276
010558
016378
00060
015687
03668
05984
01467
04303
06746
012306
017144
02714
03594
017189
00073
05499
08037
011191
015125
011605
03336
016526
02260
015410
00820
014704
017076
05785
09614
012133
03481
011488
09021
013105
08197
014804
04098
013153
02713
05027
015875
017617
07853
08150
010685
015869
011255
04014
07382
03593
09730
06413
010777
015114
016470
014229
010737
012770
011237
015418
01564
016516
014531
09183
07570
04562
017644
08898
013512
010639
016172
00757
05428
010093
01856
09116
016827
06749
02028
017271
07734
04872
03213
014713
08308
017082
02941
011815
015300
07039
013743
016464
016479
014792
08648
017726
03735
016496
010582
017768
06032
010474
015357
017366
07629
03982
02623
08978
017094
09464
010993
03808
010387
05374
014657
05688
016472
014417
015433
06467
016483
016452
03130
010249
013935
016513
010606
07593
05824
06172
01191
012750
013889
014472
015842
013052
06268
05743
016825
016009
01715
07045
012511
03993
014404
013981
08072
012865
010366
03353
011419
03100
01984
09129
014275
09009
09879
015050
00519
04779
08521
04911
04732
03540
012353
05442
04865
010241
012034
00583
00921
02204
07221
013404
02389
01520
06222
016815
013599
017454
06882
017730
09350
017736
09250
09424
014588
012984
02916
09902
06285
013721
014798
010165
02750
08200
03898
06861
014139
05549
02048
04511
05139
010975
09502
017154
017229
08824
06370
011301
05055
014610
013154
017339
02385
02783
015508
00042
06906
00993
00258
013145
017099
012241
01637
04476
016071
08799
04452
08736
00745
06611
017882
01530
013891
08091
013916
04325
012550
08339
04158
011455
017566
016521
08519
012190
017198
05607
016291
017138
05900
06976
06352
09990
015344
03242
016502
05963
09019
011735
09770
016820
012227
01995
04594
04535
09734
02893
05851
017609
07971
010282
012977
04662
012722
06641
03705
04197
010310
01084
01926
014665
012678
013061
017461
010113
08622
05398
04262
00386
00305
07947
02719
015405
017533
012579
012914
05676
010436
010257
05133
03758
014100
015470
016210
012534
013070
016001
04142
00124
03590
06683
014528
03877
014022
010950
015088
06640
010351
09057
03031
011213
010385
06823
00251
016528
00563
03146
02660
05854
03181
012023
017936
016890
03693
06445
017587
01319
014939
00484
04180
011796
017305
017590
015452
03309
013120
011222
015339
02973
012019
04195
010466
01456
015697
015438
09436
017713
016105
016524
02121
04580
02340
012563
07714
010472
02001
02127
014195
011212
013785
08868
05276
09974
05691
01941
014625
07483
09003
03578
05587
012495
02358
013614
04360
015696
015689
08157
09965
012099
014994
017676
01724
00169
07216
09111
014071
017208
011377
016586
05316
07584
03679
014869
03480
01811
010833
02069
014700
014587
014014
00275
015931
06232
012862
012489
016119
010347
012303
016454
05844
02676
06106
05659
013185
015935
013382
03352
03008
00420
02915
04515
017757
00223
02633
04152
09471
01368
01438
017078
012825
06410
02745
015314
04350
00990
014206
012987
016778
013718
013776
09759
017378
06908
05687
00438
05020
00606
04787
07776
012597
05045
00292
07502
04314
010826
015892
01100
013946
00449
05339
01964
012578
016808
010234
03051
017839
011107
07255
010538
06148
012412
03816
010391
07367
04913
010669
01232
04680
09915
06383
01048
02450
016719
08562
07568
04716
03254
012021
012012
011550
06533
00391
017843
015601
014461
04155
015854
08871
09872
013238
013390
05622
017747
011148
03422
011716
03467
09731
05470
015569
09429
014342
012405
07060
07543
016246
00358
016104
06664
010973
04572
02918
01303
07673
01623
05546
012742
00682
05452
014572
07963
00549
011321
01929
08184
016411
017153
01548
015461
010368
03601
08334
09168
010190
00952
017502
02872
010177
015431
00482
03080
00071
08117
016390
00368
016836
09850
02902
013859
06636
012253
015293
016975
010859
011549
010064
012638
07649
03804
013820
015496
012265
04916
01758
09059
00053
01038
00246
07238
012069
03350
014316
09815
013124
012226
09531
015401
014687
00441
06100
02384
011636
011486
02216
08722
04056
012302
04759
02735
014189
015157
08302
00640
07823
08539
00822
016755
015040
014119
011591
03752
09887
013316
08953
011465
05779
09880
07683
06494
09790
014099
09476
06076
05714
015686
010053
09797
04446
03600
09152
015398
012832
07800
011544
016451
05212
00618
02720
08090
011648
015484
04770
00785
03083
015843
011751
017070
09881
04503
07703
01796
04430
010767
09077
04568
09705
08179
011368
05017
01222
04961
05323
01461
016317
010026
00536
08452
015580
04301
011214
016645
016148
011886
07674
010862
00127
011313
011835
013062
06320
04046
01001
016965
08664
014079
09818
011529
06267
08921
011473
016662
01677
011958
03776
00280
05535
06399
011945
01437
014891
017385
04084
02860
08218
010740
013589
016893
015229
01884
015351
02074
03435
012795
02253
015652
00356
01268
07372
02372
011366
016013
010268
017003
09574
02808
06566
017505
016723
02433
08500
02296
014248
010969
013601
014868
08077
09566
015361
00139
011781
06543
00350
04613
011236
06747
00954
06975
02484
05853
016041
08468
013766
07373
09195
016086
015185
014037
011418
05388
013399
05959
013255
09725
010548
012173
017404
04481
08671
07337
01490
015116
016349
02236
010063
02703
013285
014152
01482
02102
013215
09918
014182
015834
015392
012691
01859
08663
01667
01333
07196
01261
09737
07914
03584
05420
017309
017169
09752
013754
04735
02364
013174
01161
03646
08396
06020
011764
016822
010970
012317
06951
011961
03335
05948
014568
012334
02169
06589
01389
014578
010913
017092
08844
017529
017606
09551
014452
017651
05090
014815
09170
06329
00460
04506
00947
07350
01298
06278
06816
07760
07720
014094
08875
06807
014209
03952
09337
016448
05101
015302
017573
014226
017013
04255
017506
014266
012435
09236
08075
015727
014666
013982
01237
017301
02222
00804
017283
013271
01810
012129
01123
014697
015674
02150
07313
08480
01219
03657
016921
014069
04109
07000
014664
05968
09996
07226
07962
06557
08296
015942
04814
012827
01845
03853
016091
06145
012761
05975
01681
017314
09594
02520
016584
04290
02995
017896
014270
08502
08741
05522
02427
04714
012319
04883
013619
05067
016003
07959
04612
03009
015035
05736
015760
01017
010170
012278
013011
013287
013851
05170
09007
03791
00115
010464
04230
05331
04362
04560
014114
012036
00670
01664
06632
08676
012992
010108
01283
01647
01260
01309
05964
08293
01455
04868
00692
016570
016575
06535
09091
012420
010086
03044
09654
02251
00742
00951
011704
012054
010598
08393
013969
01120
011502
06350
012702
014026
04541
010222
017346
08360
016467
04737
012699
02977
01596
014763
08442
04801
015865
00762
011562
08988
010755
016938
02308
011226
013950
013613
06614
05493
01966
00363
016649
015929
02426
04648
02878
011068
016063
00414
03979
02616
03766
07700
010348
04823
010216
012186
016213
09282
03734
04608
04309
016017
010766
015330
010675
09817
05159
00259
014850
016635
08680
011919
017763
011179
017444
05895
09997
013115
014542
02064
00062
08608
014840
017282
015915
06470
02668
01291
07922
03096
07104
07026
013664
017521
014291
08672
013252
012263
012097
08900
00599
03899
04395
07084
015847
08870
03172
00331
03144
08752
010446
013424
09161
015634
07304
02456
04165
04299
05723
014858
016682
01939
011345
08697
012320
00932
09147
03086
07490
016748
016935
010181
08696
08976
08495
08858
014085
017641
02868
010221
05241
02682
04649
012614
06194
012676
016812
04097
08277
012830
017544
09702
03430
016963
09017
08668
011748
09775
00964
011051
014285
010398
016073
04025
02022
06185
013420
09546
06333
08401
05175
03846
03665
012011
017486
014979
09487
01141
05016
09907
04596
012958
015526
010963
010030
013665
01923
015134
07809
013623
06254
010107
06878
02338
03980
01778
017187
05303
01943
011273
011052
05684
09794
02795
09055
05437
015961
09749
011801
013350
017377
02699
04438
04590
00652
01728
013317
014435
015069
00092
012340
014814
02700
08809
04501
010211
06914
011103
017369
01124
014395
07317
017344
016603
03570
01484
011672
012545
09914
012476
06489
08052
014600
016711
01587
011097
013692
016906
03454
09095
04175
012222
07380
02434
017872
015267
08623
011590
02156
07500
08031
015621
03238
05056
07542
05722
03283
09085
04108
017150
04450
08207
013437
09339
06146
012237
04764
07803
015451
010465
03706
06652
07031
011004
01454
016627
02396
016442
09739
010844
00451
014053
02580
01198
09736
00137
016842
07087
01464
011901
017317
012561
06954
011541
02170
01629
01089
012061
017957
010872
010845
017666
02141
01020
06427
05461
04637
00662
04105
05712
013455
07346
08717
011328
04693
07892
014696
05257
014424
08619
08225
08214
017464
015170
013090
017849
01392
07802
010677
00435
04553
05767
011921
011238
08330
05335
00130
015256
013082
01152
013794
00837
09682
014253
00221
015395
01866
06716
08843
01890
014326
015829
06520
011406
02072
01832
013598
07680
010447
08314
01436
01967
016885
013208
015011
017446
02848
01529
015505
06825
01680
04538
07095
01263
016121
016306
02313
06646
02229
06036
013638
017291
03781
06234
05831
09141
016835
00555
06733
07787
08003
01061
07235
00113
03929
013491
07856
02588
012583
08658
06387
02374
011986
010120
017602
07339
014857
03807
07598
03035
07940
00159
016616
015586
014788
08986
02122
00338
05667
04923
013624
06680
05539
07606
07340
012437
07639
09314
06319
05593
09254
06297
07626
07716
010662
00510
013311
014492
012806
05847
00494
015571
010050
013248
00761
010135
016434
03941
011185
01013
00043
014936
015574
013392
017332
01230
013039
013949
06361
01759
017038
00588
015163
017973
02643
07107
013474
05208
015268
015198
02809
05255
04072
07487
04078
01498
016016
017415
017425
00019
03017
07067
00580
09550
014483
013502
02903
07814
015207
014702
012001
010607
07551
03967
012535
03206
00070
012717
04295
02630
015823
014034
07897
012966
03200
09941
03275
07306
010145
06218
013720
013545
015559
00183
04807
016633
017465
04702
015609
016976
06679
014766
03369
01002
09265
02810
016285
01360
010990
06324
05431
01606
08010
03566
013359
03767
013511
017780
01699
010655
04962
05849
05110
00923
05989
03010
02221
07247
09206
011077
09901
07816
017225
014036
010204
016726
00620
017096
017432
01304
011572
012643
014214
01767
010807
04895
01819
010299
010131
013216
07573
015565
07228
01515
00295
01231
08906
02994
08699
014913
015115
01040
010634
00548
017954
017216
04909
07109
016794
02989
015736
016583
016166
05349
011246
02726
02787
07322
014904
07779
04253
07951
06210
013041
05532
017313
017053
012727
03126
04882
01635
012082
015059
00181
05761
014650
015534
07138
08778
015535
07081
09718
011616
014339
017017
04319
015494
09564
07995
08126
05093
016387
010094
013501
03300
017568
010694
06382
015906
011850
03597
06629
09672
013899
010213
016889
07764
010594
09871
013020
08295
017101
09888
013375
02946
012152
05600
013913
015176
06808
05552
00270
06176
013755
06708
014681
08347
04237
07469
07326
011053
09500
06857
00707
08188
07657
012109
016722
015117
03248
00309
02154
07074
09064
01612
00208
00963
016391
09674
01620
010106
010852
014724
011490
017898
013479
09025
016564
011216
013188
015427
09820
017670
010912
04004
013855
07666
02207
015714
010753
08883
016556
09000
01224
00575
014288
010818
016173
016468
013682
04914
017903
03286
02129
06776
013151
010725
00402
014982
011678
03472
05643
012291
04970
00184
010114
09418
04949
013172
05376
04729
016274
05046
05955
02119
09036
09188
014000
05394
017599
016750
01915
016679
08181
07312
013117
05079
05733
03406
012233
013458
010180
07037
014133
03676
012045
015193
02531
01595
010717
08595
016415
02540
010631
014999
08649
015663
02990
012941
09756
011109
011866
010350
01247
09932
010931
00100
01024
013500
010080
012681
014747
06655
017022
013361
04170
016600
06900
09632
02193
07934
07682
08109
03148
016123
09492
06603
06404
05392
07431
010036
014150
016870
09576
011546
02825
013606
00846
05710
01439
05278
07085
01622
01617
08487
013428
04392
06704
00504
014787
016818
016677
03623
05142
012449
09889
010312
011395
010547
016010
011806
014504
04870
012657
03367
010386
04204
09862
07994
016497
011083
017866
08067
06328
09521
00284
017261
03224
09362
010277
02560
04587
012081
09071
04000
015383
08438
01426
07156
010279
014769
05840
015200
09536
09977
08612
02181
013572
011663
01423
011146
010864
010092
013010
010804
07871
013728
02107
011627
010543
010477
03596
015993
01046
00192
011169
06952
04275
01962
010633
02370
010442
03024
02736
07390
04027
07631
07148
014080
013952
013148
015165
014965
05433
01717
00591
017869
04920
011799
017981
07811
014634
04264
00540
09676
010856
010325
06536
010957
05426
02851
010219
08908
09944
06854
02010
05179
011755
05982
04474
00297
03939
011538
00464
017935
07988
07690
012247
02504
017856
03771
08336
012335
015208
017341
01242
07396
02739
09357
013714
06476
06111
08903
010584
03897
015342
04592
017499
05113
010831
07330
03711
011717
016100
01993
015602
09375
014310
01689
01756
014626
014544
010326
06998
01954
012531
010704
03795
09238
017625
013542
013440
06754
012948
013552
04312
012891
03870
02870
02420
09026
01059
01868
00780
015352
09397
011099
07378
013904
00227
010574
00098
010235
02999
016023
017540
07561
00586
00497
03250
09764
010074
010118
015530
013980
05716
02697
014993
01642
09248
011700
07927
02920
015415
00911
014449
08320
04690
01709
03270
016388
07429
011776
05039
00288
08757
014399
01557
07610
012859
07622
04550
03445
04694
012728
015920
010972
013337
05760
06491
04428
05167
011230
08798
03235
010854
07862
015220
03856
09971
011814
010409
05553
013195
06166
00801
06542
010502
012211
05460
012462
010938
04125
010682
015078
06973
02666
05524
08512
05375
013997
011779
017626
017132
03359
010469
06263
05988
04333
08996
05297
015647
01684
011078
08974
05649
00031
09209
06298
09164
010097
011983
06918
04641
010656
00229
03908
04564
03116
01512
06500
06889
015504
00231
016373
08766
01142
017931
07261
07906
08560
03120
04394
015296
016494
07545
013978
08232
013993
010789
02985
06337
012619
014867
011248
08973
011773
06397
013251
013121
06124
00469
09306
00841
015425
09823
017352
03145
014060
02613
017704
016480
010013
07621
014612
013223
02993
08839
017459
02789
01463
015779
07398
09772
05251
06992
02133
017167
011153
05141
09110
010158
014146
07860
08724
012475
010654
01614
014265
016424
00518
017330
09648
02277
05890
016471
016810
05103
02328
03903
05355
013662
016915
012731
04571
03745
05943
011038
01945
01327
06061
017500
012361
013563
01672
05058
017515
00966
09267
02628
016911
012723
02758
01373
02680
06779
07319
013985
016646
02047
04733
02917
011817
00198
010323
08223
015548
03366
08094
016986
015355
013786
01799
010058
00851
016400
01066
04727
00850
011056
08954
02821
012974
013568
016653
01543
00034
015030
02631
013998
09579
08930
012087
02030
00210
013358
00409
013649
05863
00215
013166
015979
05122
010808
03399
06682
04079
03625
08410
012089
09020
05715
01297
01808
012292
00633
09724
015520
04206
013576
010857
013373
016350
02285
012046
03103
01453
02677
09625
011595
09623
00772
017142
05146
02940
010830
012654
07144
014056
05999
012757
03202
01851
012653
08892
011641
03185
07705
017972
014807
09913
011819
012605
010027
01965
014241
04830
01316
02124
014361
012242
00912
013534
04785
01501
08196
016777
02763
02708
016398
016165
013044
010537
08309
04885
04132
06691
017487
012443
08924
06454
07998
01888
016193
03070
017815
017774
05271
00861
00379
011878
013460
04318
010882
08896
06814
04047
00163
07685
09257
09501
00968
015167
03900
07798
011670
010876
010002
012228
010929
012093
09215
012466
012406
02152
016074
015434
017296
02601
010411
010848
011059
05359
06249
02136
06295
011902
017049
09392
01536
014445
015033
016132
05771
014695
011196
016374
00789
06246
02906
08427
015034
013101
00024
07665
014259
013045
03902
04710
07453
06182
06815
01716
00589
02055
05636
010230
017864
016422
07057
012171
014510
00594
02345
011032
016576
06671
02784
017048
013031
015027
016162
06669
011725
017195
016578
09799
05427
015290
05476
00450
011804
02275
011601
05424
010139
015319
04465
015544
012055
011949
017059
014537
02368
06800
04563
01258
07912
00574
017767
02258
011163
09972
08178
017527
017295
04720
04218
016380
012747
011671
09578
015973
04502
014397
00612
08017
06033
014765
07886
017413
09327
07888
02440
010470
016762
05690
017226
014660
03047
010629
011516
05421
013349
04597
015270
04177
08498
011025
014546
03664
013858
017057
011151
09274
010573
01361
010550
01561
01144
05269
08703
010578
09920
02880
00365
08076
012276
014929
011209
016573
012352
013019
06127
014924
07171
02213
01751
03054
06462
02191
04326
04944
07036
03820
03416
01311
04692
08932
015052
017608
00046
08528
012212
09613
08399
05210
08070
03784
09324
02079
015493
07555
016233
03316
012240
011403
013878
06405
03208
010861
07408
09343
01887
016851
00945
017491
05829
03843
013327
014783
01603
05574
012574
016081
011854
01442
011618
06677
00492
011617
08219
012485
01867
04540
017518
015271
02422
05554
07466
00006
08705
09165
05361
00713
011584
09202
015661
016444
015994
015957
03377
014561
09938
02237
015538
011039
04345
011860
08616
013663
017299
012502
05694
016749
011719
00392
013770
013487
01251
012615
017948
08374
06720
010763
01257
012869
016987
012216
03247
09223
06709
04103
08957
01136
06689
09683
05877
01938
013296
08128
012858
013822
03779
010015
06828
013017
06461
04531
016730
01949
014043
03788
09819
07838
01008
09421
06970
01804
015987
017547
010517
011106
017176
014782
011558
03620
015446
015144
01609
015624
03613
08473
07565
02698
014497
07909
05260
02688
00108
03005
09221
09968
00191
08755
012287
015002
010303
01671
02386
012803
015131
02911
06516
05703
04115
011458
010125
08079
08803
07009
012434
017310
013450
07623
015662
015105
014458
01381
06984
015333
07980
01318
01477
015721
07006
00453
06086
010461
02636
013817
012828
07875
04565
01273
05195
012284
014197
05474
017581
00119
014802
015245
010308
08761
04919
016884
08701
012893
015584
09839
013038
00158
01269
010637
00026
012669
00271
013866
015491
012639
03464
016473
013977
04837
013936
012594
014042
02210
012898
06189
07208
02807
05507
010406
010283
014584
04967
01815
010320
016858
04698
05805
00250
013415
04297
010377
010611
00609
012780
09371
00972
013608
05226
011533
012314
015301
014329
012507
06072
014535
016619
013292
013863
015826
04971
05066
010721
010381
010964
016919
013680
012674
03942
017960
014776
06309
00112
05837
04099
08987
04240
014368
07960
01284
04706
013575
08064
017847
014488
08222
08463
03968
04842
04344
012156
08804
03507
016751
00472
013391
011440
05612
04016
010922
09243
05598
00934
016304
02853
015430
00488
012244
011629
09895
011147
010324
017239
010511
03884
016661
03183
01857
015914
04222
010202
09552
01022
00078
011964
016026
012324
06149
017648
011723
01073
011057
017875
012033
06362
08456
017045
017445
08204
010203
016859
01410
010414
011824
08566
04800
010246
06660
012620
012113
08441
012626
017224
02033
05176
05903
06528
013277
010560
05147
010617
09485
07560
05530
03763
02659
06144
01299
016330
09715
015108
06962
01324
04018
02065
015419
01150
07792
014411
011718
017715
017647
011743
011555
011256
010924
014004
08884
07678
00896
04356
012999
03218
05858
011859
016177
015453
012355
012007
016342
00357
03439
04741
05240
015888
09777
014958
015562
09589
09028
04504
07320
02620
02060
06812
017131
08893
014525
013096
01155
014403
012255
012101
010305
05486
015968
07277
011430
03688
04775
014298
015955
011561
015910
05466
010764
04167
00434
06810
00377
00235
06522
03987
06981
09416
013091
06616
013702
09475
00564
06650
03314
013364
04019
012077
016027
07972
012184
06083
03875
09459
01863
06760
015784
014400
08882
015613
015148
011505
011845
04896
012183
03677
09454
013806
07789
011015
010188
03768
06735
016375
014556
02986
015356
08872
017126
03236
04808
01350
014263
014122
01656
00083
015938
014185
017181
011612
04918
00380
016980
07129
05747
015311
014108
015396
01491
014775
06284
08945
07583
05304
013734
01835
00941
014585
013024
01211
014545
05515
011548
015701
04795
017557
01239
08842
09117
010744
01097
06153
01425
017738
07181
015999
06758
014685
012301
03872
014752
06728
00432
03050
01366
01688
07271
012458
01157
06059
06170
02255
07272
014516
07695
011620
011600
015194
06759
09690
014154
017993
04723
017236
011632
013536
010111
010025
00213
03382
015672
017569
05692
017682
010151
07592
05658
017520
00253
08329
07863
010835
010680
014901
03503
07533
02594
016900
03723
012857
015631
04495
017560
02126
012298
06624
08911
012547
015522
01524
01469
017793
016826
016983
016420
00242
011699
011827
04831
010062
010218
02564
09420
01345
07290
01513
06850
016241
02581
016486
01933
013690
013564
05422
07163
06266
014596
016075
017777
03796
017994
07344
011017
01153
016543
016768
05222
012155
013983
013136
015611
06944
015044
011553
011144
02889
016082
06119
013628
07034
015871
010195
016727
013008
011221
06994
09242
016078
017016
07489
015406
03690
010492
016258
010176
012168
02550
02695
011483
011100
06096
06596
05537
017728
011428
015965
017139
014843
03099
07786
08511
017511
013513
03465
04860
04994
02757
08266
016771
02132
02096
015921
016336
013386
015812
015711
08482
017592
010983
011787
09031
06874
015390
011472
010653
06418
04643
08610
013745
09842
00603
09989
03717
09399
015772
017032
04188
05463
03418
03203
014073
01112
012147
09301
016874
017897
010223
014151
014683
09353
03575
010564
04482
09858
010945
00975
013532
015071
011690
04635
012536
00547
05894
00737
09841
00689
04745
012332
015488
09883
017528
010262
06707
011480
014663
014087
02563
05221
07098
017259
07728
07755
02111
00257
09466
012486
00333
012650
014728
014123
09904
01911
011668
05699
013126
03988
010428
05482
013141
015983
012484
03190
05092
012282
013600
013232
010630
04425
08791
016746
02632
014066
07751
017732
00961
06570
03966
07737
017405
03546
06577
011933
010947
09239
00121
015516
02195
09837
07653
013979
011909
03883
04357
015328
017146
06541
01830
00044
01053
02021
013169
011749
015528
07455
00833
014969
07930
012895
04514
04261
014352
015576
011741
05958
08216
03415
06849
011840
014800
014439
05340
017157
08867
02644
013875
015855
010650
06409
08563
07421
012321
07384
012195
03193
013730
09431
02198
012810
01485
04586
014515
00615
012349
01636
02084
08226
09899
014618
016985
017277
09376
014902
011136
06504
014932
011789
07948
00319
01160
017388
012169
07035
07254
04705
014201
016493
010286
017098
014011
06207
010012
05343
015778
017998
08366
05915
05806
04853
013906
00924
013751
011376
06897
016512
010561
010431
07650
07821
05634
014168
012137
06493
012181
06274
05795
016908
015787
017129
09636
06668
07514
03487
02835
01558
05859
07738
06253
05319
013261
06907
011534
09393
08440
09719
02961
013653
012568
00747
010900
010932
03505
013533
016288
010193
01172
00118
09372
07614
07370
00016
01151
02573
012622
013305
012114
03246
03497
07904
00643
017275
012831
015821
02937
010892
06169
08351
09857
014914
014978
06999
013974
09785
09377
05764
07451
03263
015230
017123
01755
02423
016153
011381
08749
07697
014602
08681
06269
014269
02061
015539
011457
02441
01510
09124
00186
010009
09967
03045
06558
01849
017756
017975
00900
015585
013689
02192
08985
03544
04805
02921
013562
07899
06860
010545
014428
010361
015128
07201
03002
012140
016507
00317
09669
08733
05118
015893
013893
012516
017137
013301
010739
014899
02947
01795
010524
013643
08542
010898
00971
00937
00410
015347
04119
015547
00576
03025
014096
010138
014526
00010
04494
013887
01503
04159
09517
09481
00001
012716
06527
04491
04145
03101
017483
03554
012418
011677
06191
016846
04523
06902
017327
01782
016724
00187
01179
017792
014551
05009
013605
01202
010141
012391
013205
013803
03088
01078
00261
05718
04274
016163
03455
02373
013621
04136
05565
04489
011685
01836
014520
01590
06592
012696
011976
01218
017024
013837
08408
015139
04928
015113
013220
05679
01280
012203
08758
012773
01665
00597
017037
010148
015759
07267
012493
00372
00457
012366
05976
02891
015991
010232
05081
00345
016737
015984
03210
07055
08760
03249
03519
02597
00082
08829
08534
010613
010867
07465
00622
00222
016363
015731
08025
04956
03718
017525
03800
00531
02955
05225
013162
017008
010815
010651
014974
011535
013903
00002
016617
010307
03365
017711
016887
05902
06203
08006
013854
03011
015023
05790
06909
02599
013885
013164
04385
011235
07536
016051
09793
01545
013736
00664
04254
014749
012052
04051
017622
012274
04111
014722
010254
08432
011770
01255
014861
07498
016829
04998
08880
09663
08846
03529
05788
01215
03026
06853
06725
09072
013152
011092
08494
08359
09754
06827
015053
011013
010690
012829
015567
010906
014421
011264
02856
09928
013073
09935
013234
03387
06256
09951
08554
012734
016838
05922
015908
010961
017360
015629
04952
08669
013864
02869
013688
02394
04311
05105
015120
08972
011042
015919
04964
014142
012094
09518
016309
01385
02289
014273
02679
00627
09694
03398
010087
017001
016880
02652
08344
08125
015422
02510
010946
08888
07395
015122
07780
00383
07191
016138
017519
01346
016968
09296
03855
09844
06847
015529
017185
017742
014547
016189
010175
012822
016039
011249
016713
08802
04544
02219
010743
014442
04848
010896
01072
015126
014448
013265
01577
06003
07491
011081
07027
013975
04697
01669
06195
04552
09038
08467
012088
014196
07957
07681
06133
08609
04898
06047
013014
017829
01552
010674
03783
03204
014748
011348
010117
03386
02276
02567
09733
011178
00340
02194
08730
03271
012694
015226
02315
06965
013244
08047
015540
04388
05312
016323
00232
01486
010504
01947
015590
08135
09587
06748
06417
012902
012256
03521
06839
00403
05909
00978
010429
016249
015265
017030
016197
01154
015243
01421
010140
02782
015188
02515
01908
015388
03201
05412
011435
016667
014111
06991
01302
011228
08635
07406
05235
016263
05697
015190
05861
04849
03287
012104
07497
017801
02662
05371
011198
09024
03079
014107
01348
02311
012196
017471
06936
04796
017629
014008
04118
08405
09498
015158
00205
05494
00125
09615
011307
00560
013547
00806
05409
017177
07732
09936
08890
09979
016996
02928
015964
010424
011476
07190
015242
04040
04835
00787
010239
02480
04328
017211
07318
011072
015575
08545
013447
014911
015735
02900
02286
05252
01212
010040
07361
011252
03279
09336
017043
09744
017772
017252
07479
00456
015795
017159
02629
06373
05809
011982
011452
05920
03298
015223
09796
017020
011306
02875
01111
014327
03825
04969
05899
01289
013025
07106
04546
00245
06563
07762
03524
02317
09867
015247
010786
015142
00268
00114
02618
01039
05529
09214
04437
07832
015254
013113
013845
02938
05182
01033
012636
07284
01075
017917
015232
00433
09795
00676
00920
015512
04068
016327
07274
08481
06187
09784
02797
013298
09631
013543
010099
013107
010802
02215
013836
01043
03835
013246
02822
00736
06334
00095
016944
07415
010022
07577
05189
09852
016629
08688
016802
017624
02388
013109
01290
017373
00823
00793
010657
015173
010549
03972
00715
09994
013635
03833
00781
016881
011104
012138
016943
08728
017779
02454
017766
017237
015061
011740
04384
01639
04863
08704
07150
00477
03834
010588
013672
08689
09378
017588
05144
08474
017701
01765
01087
07334
00486
06429
012710
014236
014680
02184
05001
012194
015103
02657
03075
010992
017248
04283
016696
06369
00552
07478
01918
09981
08678
02293
015310
02125
016201
04256
08033
06663
06851
015841
04708
017375
01989
08361
08349
02710
00740
04226
07537
012165
012855
03490
04960
06687
010037
04524
012587
010149
07019
09181
03760
015086
015457
01518
012627
01817
015517
011027
017594
04007
03991
012111
07443
012086
02421
03226
07015
06886
017209
014720
013760
015757
016088
013717
01746
012018
04739
01060
015012
013651
02344
012739
01907
03269
09102
06967
04625
09355
011463
09735
015313
06448
04570
017178
05693
016637
017285
05865
07124
07413
07051
011204
05062
00506
013539
012481
09908
04623
017721
04055
06201
05076
016135
016174
08209
01727
04008
016298
013472
05188
014218
00545
03632
015827
013408
011745
07172
014062
09175
015811
07206
01826
03709
03318
07877
017494
08661
015487
02819
05310
04927
07687
02690
011227
017904
017233
08056
02557
015610
03488
05134
012390
011520
014353
011286
01739
03983
08306
03726
04050
08933
00273
09489
011356
03985
05473
012329
010007
016747
016837
016621
013650
07939
017538
011294
00862
012336
02476
013313
01238
04640
02778
07572
017809
05031
04410
07481
08763
01575
014274
04252
09434
013941
00543
015781
010520
012372
03189
012176
04160
016188
05992
01443
07143
010762
02614
02231
015794
02199
013389
05306
02638
03680
015925
014499
013503
08631
07881
013267
02649
015907
014699
017652
07882
014592
012404
010155
09980
07599
05759
017110
017699
05140
03910
03063
04614
00922
015089
014205
00539
013173
00512
011554
011881
00425
06785
015162
02316
012293
00323
016783
06379
04185
010322
012465
012729
05403
00529
017623
06432
017937
015338
04815
07675
01674
09012
07945
06772
01226
07282
011172
011446
09832
01521
014374
05662
01511
05005
04369
014272
01015
016947
04041
04627
02342
016280
011424
06175
09854
04463
09204
06503
04629
017420
07499
016689
04685
016964
013203
016343
012268
014854
02905
013480
07252
013818
013461
06842
014407
02733
012188
07553
014384
07885
03493
07923
02349
012295
09897
03289
015249
012973
05678
08016
017605
01963
01718
07699
05781
017456
04352
09529
012581
08127
016103
011655
00059
00401
03626
015237
08397
017136
02163
09414
015056
017583
00475
013158
03453
04606
012224
08596
012477
010942
015848
04310
01507
016909
00894
017026
03450
07944
016134
10000
013945
09153
01187
012754
00399
017170
07246
09325
07078
011311
00117
016436
017223
013047
06763
03384
015750
015093
011139
00480
03854
010163
06804
03538
012382
010927
08447
05107
014120
01533
05978
09542
010430
04567
07032
013990
00981
014640
05514
017950
011898
011036
01006
015283
017434
012072
013476
00980
03329
06027
01975
09766
010179
06042
016180
00032
06817
014642
014708
03970
014658
012013
03417
09946
010546
011124
04002
01990
01085
017576
017892
08152
08376
08577
010645
015055
06514
02081
011134
010229
017435
05116
014672
012582
011714
013306
04250
04527
016196
015082
06110
014029
05351
07278
09200
07029
00725
013149
05586
07082
05960
07077
015543
03922
04674
012938
06724
012602
01228
00099
03573
014604
01998
05866
010671
03691
07864
02330
012660
015309
017848
08271
013427
00249
016787
014555
02898
01417
015211
013181
013732
017042
07475
016854
012220
07828
01775
08428
015902
09359
014254
00370
08221
03510
08959
03946
04371
015658
011649
012900
016024
017460
00287
016960
08742
017688
012083
011357
07753
09067
05906
09768
08850
017015
07869
017894
09300
07977
04753
00881
014623
09849
01034
017834
015946
016426
00691
08462
014039
017909
012471
015751
012972
011652
07902
03728
012311
01820
09825
09651
011564
04076
016990
014613
05294
05843
014047
06121
05748
013802
010583
016053
04542
012112
04129
012080
01240
01562
017230
04719
01655
012905
03474
011055
012022
08454
08140
010168
01414
013737
01650
04660
017056
010778
010034
02954
012281
04520
01825
06006
015439
06607
05289
02082
010575
00939
01806
01133
010514
09045
014922
015367
04794
08879
02036
05023
07239
013789
02171
08807
012935
017853
011110
012794
06923
03671
015001
012416
03007
01640
02847
07004
013140
06811
06437
02312
014489
017999
015726
013958
014082
00007
010937
04854
011156
017117
010640
08553
014379
08865
011917
012175
05077
017174
02451
015555
03098
07142
013071
015145
05848
012444
014892
06117
012315
02092
014986
017254
02684
013179
09329
01666
03188
014347
09774
017062
014880
09769
012068
012834
00775
01023
00339
08356
011367
012791
01375
01063
03772
02341
013250
02552
08267
04289
06233
00138
06945
03729
09193
06495
08414
03087
01091
016409
05842
015062
04435
012528
09060
02528
01615
02425
011923
010105
011315
017978
04138
02470
016087
02018
08775
09382
016313
014025
015258
06510
06147
00343
012883
09580
016969
06400
016457
04202
02172
010186
04519
07958
08371
00635
07449
07590
06961
013637
06252
013347
01281
03637
06216
08136
017806
07733
012889
017416
010915
017217
00324
013066
02683
05191
017091
05689
02224
06581
02844
05311
06433
016090
017210
02248
015043
010530
03061
08190
011934
017004
014225
015463
09950
016891
013490
06628
05737
09717
01579
014048
09233
00629
013520
016955
014580
012576
09848
017035
00888
00063
011375
011302
017340
010494
012698
017836
013857
013927
01334
017516
06414
012799
06403
04926
013034
02655
010353
010723
012008
06123
00696
04979
03003
03736
00419
07445
08215
04974
05415
014629
07719
05680
00161
05097
09762
07624
00055
015259
014250
017740
09779
013196
014128
07343
03299
03395
09617
06695
016899
013968
016529
013890
012309
010988
013862
07710
01451
09624
012144
00423
00973
01487
010693
013725
00306
08951
017928
011650
017947
017036
00068
017329
014357
016272
04730
04774
010471
09130
010715
013646
013594
012202
05672
05094
06826
012866
07117
02704
011165
010294
09449
06272
014926
012384
08548
013774
017495
013612
02436
04267
012590
013484
015215
011450
02410
02015
00447
08684
09927
015734
04403
016606
09280
02240
013157
05633
00786
01398
05120
02818
02257
011262
012609
01800
02268
017686
01244
02718
012963
010648
06859
07820
011333
03764
05734
08068
05615
017100
01770
013111
016340
05416
012802
017431
03916
012823
03057
012057
03598
015950
014179
017837
01380
012014
012853
016014
03110
05402
04147
05485
03034
07472
05457
011444
00218
016325
06573
09294
07295
016522
010206
09874
06095
016192
016686
08066
011758
012079
010209
011314
00844
011606
04686
010244
09051
015845
010991
04259
016261
02958
03733
05749
017915
04390
02496
010493
010338
016781
00731
04634
05068
01896
010380
08113
010956
03563
014106
06177
010364
07381
03217
011193
05671
014426
05611
07866
013529
014336
010732
08530
01572
02621
013705
01705
03695
08322
07804
02356
02936
00815
02637
010459
09605
015474
04966
013094
08088
07913
017449
06353
017572
012358
014937
02259
01342
07354
014364
03312
013012
02817
09949
00601
03561
01480
07895
015058
011931
013595
013318
011532
07549
010644
08286
07510
010014
02139
07684
015402
04063
05130
015335
01301
02731
010795
06398
014753
00573
04576
03847
07265
02337
06436
014490
017746
07386
015808
017316
03347
04666
013144
012673
00982
02544
03610
04636
03458
015616
01266
06818
06013
012107
012707
010779
017876
01326
00927
03048
01691
04871
013464
09553
01909
02333
08615
016186
013555
08114
06101
010060
010462
00520
02722
04734
013921
05728
02841
01412
07094
02951
09166
07604
010340
09291
05467
09863
01670
08917
00211
011967
00528
013553
012260
016510
015801
010475
07157
05609
01829
016130
06091
08653
07169
014211
015861
01114
05465
017744
016830
01565
06888
014977
09121
03102
08228
012908
05846
016113
00608
02040
06155
013104
03360
014140
011880
010699
012764
012035
013409
010128
012163
017232
04875
04934
017727
014942
014252
04508
014509
012032
04168
05708
03724
05082
017423
03268
02752
08537
09983
017661
05401
014935
03890
014897
09100
01312
01042
012376
013325
012651
08692
05695
06428
07301
00685
017949
02329
04346
013577
06696
011894
07448
013685
017638
010790
011509
05286
017786
017266
04201
06777
013876
08475
014064
00359
09127
017072
01837
011592
017182
015894
02744
07173
00293
07915
08726
017155
014221
016061
014651
01942
017087
013559
09050
00795
03604
00887
05357
02439
03802
05367
015810
013626
010729
06862
01126
06487
05026
04271
016085
011189
011802
011205
011644
07509
016866
02776
016268
00514
011754
00799
01068
013508
017010
09222
014656
013583
017788
06856
04803
013588
012135
05063
010096
02225
08848
03162
011141
05704
014289
09873
012328
016136
012204
017448
011477
016518
010004
02117
011014
013132
00303
016896
06643
00371
04287
05022
07504
017844
011524
06306
011519
013438
07544
015197
02980
012997
012921
00406
06168
011202
017591
04380
04549
017267
016008
016301
013831
08686
04991
06180
06950
016461
05519
04874
013716
010805
011420
04980
07260
012230
03237
03149
09761
05904
01314
06525
04423
08731
010423
017165
012715
00986
013387
05019
08727
06517
06190
00355
014948
05638
017658
03644
06917
016433
016339
015763
011930
04812
010532
014709
04963
05127
00671
05875
02057
013750
014955
016305
05329
01195
04683
011979
011020
04053
010987
013669
016235
06594
01339
014954
011583
04791
014388
012947
06220
017041
02877
01920
08740
016753
015064
03405
014570
010200
04322
02957
08514
08784
06302
015020
02053
00501
02518
017325
09590
09816
01690
014075
015506
017127
03108
014833
015238
013051
03307
013488
013040
017440
013436
09765
01233
015414
013661
011588
013917
06030
014017
015233
014953
06848
04684
01916
018000
00312
07937
02956
07569
013892
07641
014477
011201
010090
08718
05382
05153
00675
00041
014726
00216
01183
09619
015739
016108
09505
016489
09303
02352
010408
017143
02867
015813
011088
07812
00976
015448
015849
015560
09541
09637
011838
08603
00047
014293
08172
014484
04349
011358
04089
010352
017443
015143
03154
08626
02408
05518
05832
012554
06441
06219
017817
013100
09385
016694
03423
07852
013315
02147
00408
013381
04426
06625
05637
06499
014045
06988
015737
02642
011970
015095
010703
014365
011184
00009
06502
01697
012901
015882
012215
02866
04811
014177
017914
014731
013739
010982
016801
05399
01164
010365
012856
017634
02431
014890
01502
012325
02542
011669
014457
015971
016811
017924
02751
03842
013746
02467
016792
012167
014727
010751
016216
07756
08115
09319
010072
08005
08395
015630
00468
06794
05495
03878
06702
00052
014512
017889
016067
014147
015368
02742
09448
02138
08995
09592
09289
010702
02674
011417
013939
09230
07102
09494
012979
011150
05236
07932
07854
02747
05966
017075
03556
01323
016396
02925
015789
07310
05458
010245
00481
00628
05505
01850
08053
011033
017891
06440
02945
04085
06949
07602
013735
09506
01499
07774
013230
014725
010632
011269
06929
03028
013155
010683
013824
04569
02845
016324
05576
017838
02353
012962
013764
06590
01106
04490
06453
06137
05652
00025
06858
06181
011497
00771
011597
014641
014768
012784
015456
05932
07575
00672
07775
010540
01444
03894
017025
07952
02365
01692
04621
06474
08229
05685
015678
011953
07003
00225
05972
017067
017391
016659
015698
011000
015480
013861
07269
012050
014607
010226
013403
014423
010313
017011
010625
04455
01917
05132
014375
05154
013434
014779
017635
011990
014571
012692
08024
02785
010774
01107
06552
06778
014083
00949
03633
01604
013288
09108
015306
06227
017558
011929
08645
04363
08078
08640
01881
04526
00697
017674
07366
017611
07527
02202
04581
08943
09595
012842
01663
02948
010167
017364
09308
017956
06163
02137
05315
05908
02728
013163
017600
09805
01254
07627
01440
09786
013379
06837
012800
08459
04529
016684
014895
011049
013784
00803
016099
03223
017523
012307
04413
010661
00088
016360
015485
02901
07076
07273
014760
010066
02678
014844
017051
010137
09194
06736
011944
03997
07883
02101
04464
016386
00201
017971
013260
01396
015776
011625
011399
012381
02640
05647
010071
06357
08646
013418
06129
010886
010887
03004
017319
09504
011596
010672
02969
09530
03042
03293
05417
015828
010995
01427
09264
08750
010980
02492
010599
010971
011823
03060
05879
03292
09342
07794
012998
02926
07046
01848
09269
016791
06670
016401
016321
02200
010214
08922
014049
01772
015549
016124
016239
02412
00970
09388
014256
02435
017273
011922
017326
06798
05711
017614
02153
07596
017337
00885
011474
03327
02023
02088
02522
02336
012682
014307
011400
08470
02960
06797
012337
015334
02025
05405
012261
05648
017582
09616
08644
07359
09937
012577
015447
017531
00256
010585
04114
015780
014822
016156
00200
09018
04646
08840
09782
014245
017071
017830
02983
09273
00752
017712
07298
02934
03006
02319
05373
07548
016412
015542
015873
03951
010834
07777
02295
016540
012608
04070
05983
00037
016114
05907
013290
012911
011611
07501
010893
016940
03876
02608
06587
03810
07967
011621
08213
07984
016997
08710
05860
05965
011694
00054
04210
00562
07911
011727
07496
02828
017054
016438
06621
017353
07918
08590
03479
012668
06846
015045
012936
06656
03615
010935
03508
013057
014280
06197
01630
011295
017171
012740
02452
012330
017940
012480
011940
07768
014210
010147
07834
016437
010044
09559
013582
013376
02904
014409
04449
02298
04485
07175
011200
06344
014636
07664
06217
017479
08759
014232
014044
010073
014621
012453
010256
04619
016402
04031
04101
010665
013321
013514
014405
013779
013872
014750
013013
015738
08084
08036
011766
05050
05488
06416
012386
05682
016262
012719
01424
03485
011966
05181
012243
02827
08968
06661
010399
010851
09401
09659
012928
013021
01833
02054
010884
01948
05572
016335
016140
017643
06791
015037
012065
06435
016141
09900
010339
04273
014889
02469
06347
013923
00203
02590
017280
08237
012367
012603
08693
02234
02716
06922
017689
014169
010438
017760
04924
09271
00533
012038
01353
09893
03186
03046
04894
05560
012128
08161
03068
011114
013808
03701
07311
04396
08853
04277
00194
015407
09446
011864
02475
08491
06717
015375
09911
017307
014065
012139
06158
016693
06115
013032
02965
017942
09135
03628
07459
01701
011870
09279
016385
06048
04738
010405
00722
015804
016607
09921
07022
00361
06784
016435
07426
017604
03252
00613
013579
011884
08627
08787
09668
017023
01906
016355
013370
06674
010605
01415
08574
016604
04236
015274
016050
012066
00374
08062
03195
01538
06041
05007
06615
06803
013841
08353
06126
06368
05074
010720
06971
017081
00607
09322
03874
06894
06408
013703
08413
011041
011867
07849
08490
011410
08762
010589
011029
02220
013630
09740
01397
014615
03322
05731
02190
08656
014593
03308
016043
01293
03969
02823
00636
012540
03567
04786
09070
06872
00782
07781
09545
06277
05393
06501
015657
013452
014440
08709
08737
04065
010670
06604
05981
00653
016368
08290
08948
05157
00128
07658
06447
09483
010501
016195
013190
04381
011380
06228
09508
015870
08788
016742
015221
010658
012913
02459
07515
05584
08445
04890
010049
03638
08524
012840
014237
05362
013099
015640
012690
012245
06364
014159
011791
011569
08165
00830
012016
015997
015307
04023
01847
014334
016362
010144
016531
05143
09345
02976
08255
012490
011895
03907
015525
015743
06336
013566
01895
05239
011957
015263
08586
013213
012943
03618
08597
05204
02984
013198
014734
03373
07199
010687
013293
00661
09868
05206
06767
011858
02143
03568
014356
014677
00308
09788
011244
05927
07149
011282
03918
04213
04992
010296
013067
02187
012030
01673
08706
00321
017152
011026
016287
04131
015552
03661
013593
010628
00478
02429
012782
010909
02511
04940
07287
014803
07715
016999
07796
02109
02209
010894
08559
015013
014944
05434
014377
04196
017089
04370
015074
06260
06241
011218
010261
01748
09008
015423
014941
00818
09588
08258
02576
02214
08246
014989
07745
017073
012944
016319
07784
014870
014050
05604
016642
015593
08732
02232
07174
010506
016133
010343
09650
07062
09302
014777
01009
015536
08154
05925
015036
06039
04340
015897
04575
017294
05594
015518
04647
016817
00369
05288
06960
05138
05201
06165
03163
04164
016695
03449
015716
016364
09444
05558
010841
08132
017769
016973
08283
016989
08167
010871
09104
01340
08633
03996
015424
04281
08823
012028
09503
013590
01005
016769
05752
06075
00373
04869
03426
016597
00987
06294
00869
06836
09010
02931
04013
00398
017265
07470
011115
08666
010875
011234
017841
03583
09923
011887
02177
00430
016809
02514
010981
015815
015688
09321
06282
03205
011563
015769
017300
011681
013898
09358
012569
016399
07054
03536
09909
06293
014846
08513
00411
03901
02390
00431
017556
011259
016922
06948
07048
014654
07750
07523
09560
013573
09484
03990
016214
015864
017290
015260
013796
016032
07935
05384
02462
011760
04069
013160
05812
015840
06764
08104
011177
09953
017750
06132
016855
03824
01679
013522
03153
016511
06173
06363
014055
015320
06885
09789
011900
012217
011223
017722
09063
00465
010263
014733
07693
04663
013289
011905
010696
02489
013957
017761
05408
03182
010568
02914
017784
